#! FIELDS time sh sp q6l.mean b1.bias b1.rct
 0.000000 -1.025095 -2.434413 0.132338 0.000000 0.000000
 0.100000 -1.024400 -2.456851 0.136485 0.228771 0.142901
 0.200000 -1.040212 -3.012230 0.143253 0.039853 0.259277
 0.300000 -1.036894 -2.807446 0.152151 0.250735 0.382365
 0.400000 -1.012262 -2.211662 0.138694 0.328276 0.453895
 0.500000 -1.034069 -2.748528 0.136942 0.510355 0.546567
 0.600000 -1.024837 -2.456619 0.146801 0.697517 0.623242
 0.700000 -1.039516 -2.921432 0.142621 0.434415 0.677967
 0.800000 -1.034058 -2.917550 0.142314 0.529004 0.716709
 0.900000 -1.018695 -2.290234 0.137696 0.732314 0.776312
 1.000000 -1.056466 -3.538323 0.369904 0.052148 0.821045
 1.100000 -1.057963 -3.614464 0.381765 0.162180 0.820408
 1.200000 -1.052288 -3.341518 0.361754 0.433535 0.819790
 1.300000 -1.046520 -3.233024 0.342246 0.514776 0.819185
 1.400000 -1.043989 -3.103292 0.315082 0.593348 0.818598
 1.500000 -1.065059 -4.082414 0.419453 0.030392 0.818069
 1.600000 -1.051031 -3.274650 0.347692 0.726802 0.817738
 1.700000 -1.064673 -4.005443 0.411113 0.210995 0.818866
 1.800000 -1.067323 -4.124220 0.416392 0.123704 0.822132
 1.900000 -1.064354 -3.913467 0.407550 0.451904 0.836459
 2.000000 -1.056403 -3.610228 0.383714 0.796551 0.862161
 2.100000 -1.043484 -3.057932 0.312443 0.947834 0.905719
 2.200000 -1.059426 -3.727547 0.383539 0.778348 0.937800
 2.300000 -1.044126 -3.048002 0.333928 0.980837 0.975118
 2.400000 -1.061435 -3.827725 0.399649 0.751381 0.999977
 2.500000 -1.013742 -2.192624 0.126384 0.715046 1.000411
 2.600000 -1.029991 -2.543392 0.140243 1.029021 1.005257
 2.700000 -1.016110 -2.141721 0.129506 0.765938 1.018583
 2.800000 -1.017760 -2.236507 0.145220 0.942389 1.063698
 2.900000 -1.032506 -2.734862 0.141569 1.063575 1.111964
 3.000000 -1.021163 -2.339407 0.142167 1.154568 1.146800
 3.100000 -1.015236 -2.202948 0.144945 1.043795 1.176713
 3.200000 -1.025649 -2.522107 0.148366 1.299988 1.220693
 3.300000 -1.035511 -2.845186 0.143141 1.106257 1.258705
 3.400000 -1.036721 -2.867954 0.148157 1.110936 1.291717
 3.500000 -1.029411 -2.630244 0.148897 1.365482 1.325076
 3.600000 -1.010090 -1.984477 0.128927 0.677633 1.347078
 3.700000 -1.007120 -1.945403 0.127484 0.580668 1.378410
 3.800000 -1.033067 -2.687566 0.150047 1.412329 1.401645
 3.900000 -1.030796 -2.593014 0.151261 1.481283 1.429476
 4.000000 -1.029652 -2.595220 0.145108 1.505396 1.454362
 4.100000 -1.036524 -2.947410 0.157709 1.191086 1.483528
 4.200000 -1.021821 -2.304864 0.145857 1.502290 1.502662
 4.300000 -1.040800 -2.996307 0.148263 1.176045 1.529258
 4.400000 -1.030697 -2.667411 0.133489 1.575695 1.552436
 4.500000 -1.038357 -2.986976 0.158027 1.250691 1.585350
 4.600000 -1.019557 -2.271979 0.132756 1.551929 1.604722
 4.700000 -1.031378 -2.674867 0.144729 1.637885 1.623461
 4.800000 -1.016860 -2.277625 0.146761 1.602225 1.642597
 4.900000 -0.997520 -1.853087 0.126789 0.452921 1.665205
 5.000000 -1.026789 -2.502253 0.148034 1.757795 1.692129
 5.100000 -1.037310 -2.893955 0.162590 1.494787 1.711377
 5.200000 -1.040665 -3.101633 0.157893 1.214569 1.726947
 5.300000 -1.008199 -2.068082 0.139250 1.329554 1.746494
 5.400000 -1.040764 -3.043379 0.148381 1.330656 1.766332
 5.500000 -1.027506 -2.540845 0.143959 1.847408 1.782903
 5.600000 -1.012291 -2.146956 0.127839 1.539535 1.799725
 5.700000 -1.018402 -2.205529 0.126520 1.676802 1.815332
 5.800000 -1.041696 -3.050270 0.144767 1.373383 1.828485
 5.900000 -1.003335 -1.964468 0.126423 1.133846 1.846161
 6.000000 -1.029189 -2.569097 0.139765 1.914552 1.861572
 6.100000 -1.037203 -2.823423 0.142023 1.766835 1.873856
 6.200000 -1.009272 -1.999694 0.132375 1.278038 1.894527
 6.300000 -1.042563 -3.130248 0.156868 1.309259 1.917992
 6.400000 -1.027467 -2.568194 0.136974 1.984696 1.928371
 6.500000 -1.038218 -3.024967 0.158152 1.550043 1.938263
 6.600000 -1.012586 -2.159747 0.129248 1.722125 1.947470
 6.700000 -1.028257 -2.514576 0.158084 2.027325 1.964141
 6.800000 -1.029645 -2.709904 0.133191 1.958821 1.977581
 6.900000 -1.067242 -4.240269 0.417585 0.144793 1.988520
 7.000000 -1.066275 -4.102280 0.421127 0.511707 1.988222
 7.100000 -1.062163 -3.777756 0.397501 0.856679 1.987929
 7.200000 -1.067553 -4.227136 0.426658 0.528933 1.987641
 7.300000 -1.072334 -4.545093 0.436943 0.175499 1.987354
 7.400000 -1.057299 -3.634640 0.396283 1.065072 1.987072
 7.500000 -1.067096 -4.131047 0.423072 0.779187 1.986792
 7.600000 -1.068750 -4.214113 0.424431 0.732770 1.986513
 7.700000 -1.071632 -4.356749 0.427067 0.604140 1.986236
 7.800000 -1.069692 -4.299333 0.420821 0.693118 1.985962
 7.900000 -1.050690 -3.422690 0.384900 1.252759 1.985692
 8.000000 -1.071311 -4.328701 0.424740 0.723794 1.985422
 8.100000 -1.051007 -3.344401 0.351833 1.276283 1.985156
 8.200000 -1.068899 -4.193523 0.415239 0.941075 1.984892
 8.300000 -1.072740 -4.561174 0.440869 0.498033 1.984629
 8.400000 -1.059760 -3.677522 0.388265 1.355133 1.984368
 8.500000 -1.062903 -4.026842 0.414765 1.161917 1.984109
 8.600000 -1.055348 -3.506163 0.368203 1.432616 1.983853
 8.700000 -1.048929 -3.261356 0.354981 1.381013 1.983599
 8.800000 -1.047580 -3.150412 0.338097 1.430628 1.983347
 8.900000 -1.069287 -4.233352 0.424917 1.052456 1.983097
 9.000000 -1.058147 -3.680098 0.399493 1.472463 1.982847
 9.100000 -1.064806 -3.990402 0.413816 1.303834 1.982603
 9.200000 -1.057618 -3.626256 0.379464 1.526945 1.982358
 9.300000 -1.047816 -3.210583 0.351345 1.485108 1.982115
 9.400000 -1.075497 -4.649644 0.434209 0.578913 1.981876
 9.500000 -1.068705 -4.268456 0.428409 1.116152 1.981636
 9.600000 -1.059384 -3.602809 0.380068 1.622420 1.981399
 9.700000 -1.068087 -4.273560 0.425290 1.138613 1.981163
 9.800000 -1.063970 -3.839444 0.400306 1.549263 1.980929
 9.900000 -1.047146 -3.086634 0.314346 1.583557 1.980697
 10.000000 -1.065681 -4.108966 0.418217 1.371563 1.980468
 10.100000 -1.071901 -4.484603 0.435293 0.949912 1.980239
 10.200000 -1.072233 -4.547231 0.434841 0.883473 1.980013
 10.300000 -1.049797 -3.274298 0.349113 1.684365 1.979789
 10.400000 -1.057569 -3.634808 0.384890 1.719795 1.979567
 10.500000 -1.058506 -3.695396 0.403487 1.711854 1.979345
 10.600000 -1.057677 -3.619422 0.380481 1.753021 1.979127
 10.700000 -1.063391 -3.900262 0.407099 1.632633 1.978911
 10.800000 -1.060455 -3.706135 0.381444 1.754380 1.978703
 10.900000 -1.061046 -3.787310 0.399567 1.734314 1.978498
 11.000000 -1.057958 -3.649577 0.369002 1.794516 1.978292
 11.100000 -1.067142 -4.131217 0.411016 1.503062 1.978104
 11.200000 -1.062333 -3.784778 0.397293 1.777117 1.977915
 11.300000 -1.064491 -3.961422 0.411177 1.675985 1.977750
 11.400000 -1.056231 -3.561580 0.370026 1.874959 1.977619
 11.500000 -1.078274 -5.039128 0.452123 0.240756 1.977536
 11.600000 -1.068519 -4.185835 0.424138 1.506333 1.977460
 11.700000 -1.076266 -4.951775 0.452867 0.427002 1.977496
 11.800000 -1.055093 -3.431361 0.376635 1.931135 1.977650
 11.900000 -1.078289 -5.188308 0.456387 0.052701 1.977685
 12.000000 -1.060961 -3.728436 0.389291 1.890908 1.977893
 12.100000 -1.067801 -4.182951 0.420886 1.583121 1.978175
 12.200000 -1.079815 -4.992299 0.449697 0.422496 1.978862
 12.300000 -1.061763 -3.917096 0.412588 1.807484 1.979854
 12.400000 -1.069398 -4.253438 0.423705 1.525509 1.981493
 12.500000 -1.051659 -3.373664 0.375136 1.991019 1.983791
 12.600000 -1.069155 -4.232987 0.423792 1.570020 1.986551
 12.700000 -1.066776 -4.037017 0.414731 1.754326 1.989917
 12.800000 -1.045861 -3.162781 0.350332 1.930861 1.994587
 12.900000 -1.077468 -5.000728 0.450412 0.470026 1.998904
 13.000000 -1.063263 -3.804833 0.396283 1.959323 2.002739
 13.100000 -1.052112 -3.412406 0.365000 2.058874 2.011916
 13.200000 -1.059455 -3.731752 0.397686 2.019507 2.018555
 13.300000 -1.060334 -3.727623 0.401648 2.028403 2.024328
 13.400000 -1.043821 -3.036787 0.335094 1.886403 2.029272
 13.500000 -1.072650 -4.483181 0.431944 1.324974 2.036764
 13.600000 -1.064752 -4.025855 0.417118 1.848930 2.046743
 13.700000 -1.047206 -3.142534 0.341275 1.998211 2.057497
 13.800000 -1.068682 -4.304987 0.430096 1.578646 2.064854
 13.900000 -1.053580 -3.401983 0.366773 2.129923 2.075301
 14.000000 -1.053630 -3.400325 0.352877 2.141283 2.087596
 14.100000 -1.065787 -3.907425 0.399854 1.991288 2.094424
 14.200000 -1.043741 -3.017178 0.307765 1.924327 2.101419
 14.300000 -1.043939 -3.003174 0.313019 1.924878 2.110144
 14.400000 -1.045912 -3.151516 0.319158 2.064551 2.116278
 14.500000 -1.049511 -3.238162 0.347502 2.115871 2.124901
 14.600000 -1.049134 -3.167401 0.336568 2.097827 2.127531
 14.700000 -1.059475 -3.620283 0.378932 2.181831 2.138845
 14.800000 -1.064223 -3.977080 0.407544 1.993564 2.142589
 14.900000 -1.062249 -3.843893 0.409478 2.098286 2.150006
 15.000000 -1.044008 -3.019715 0.337662 1.996006 2.153682
 15.100000 -1.057974 -3.534958 0.387363 2.223789 2.162158
 15.200000 -1.053180 -3.366024 0.371135 2.215488 2.169446
 15.300000 -1.064405 -3.917823 0.408140 2.086292 2.179419
 15.400000 -1.055185 -3.432882 0.362173 2.247275 2.187879
 15.500000 -1.043525 -3.000580 0.326813 2.024373 2.195169
 15.600000 -1.058786 -3.745431 0.398519 2.206056 2.199820
 15.700000 -1.044570 -3.022300 0.328649 2.065940 2.206379
 15.800000 -1.059841 -3.679665 0.386417 2.244899 2.213776
 15.900000 -1.052185 -3.326179 0.369926 2.248880 2.220606
 16.000000 -1.067760 -4.125296 0.423811 1.947185 2.226850
 16.100000 -1.067323 -4.147005 0.420877 1.935980 2.234233
 16.200000 -1.061612 -3.757309 0.396786 2.239743 2.240330
 16.300000 -1.078259 -5.197547 0.460974 0.419775 2.245068
 16.400000 -1.042564 -3.001136 0.329343 2.103684 2.255128
 16.500000 -1.040213 -2.905931 0.327283 2.008945 2.261882
 16.600000 -1.057156 -3.632521 0.388006 2.315844 2.272674
 16.700000 -1.064550 -3.994186 0.405221 2.107765 2.278351
 16.800000 -1.068027 -4.181300 0.421623 1.948967 2.286620
 16.900000 -1.052528 -3.277747 0.357017 2.310810 2.289504
 17.000000 -1.059016 -3.608759 0.378037 2.346115 2.295225
 17.100000 -1.050765 -3.310048 0.356879 2.334257 2.301214
 17.200000 -1.044166 -2.981546 0.309490 2.124441 2.304048
 17.300000 -1.063486 -3.920856 0.412937 2.206586 2.309711
 17.400000 -1.051578 -3.313927 0.354156 2.351488 2.317101
 17.500000 -1.072545 -4.430447 0.431538 1.685429 2.325077
 17.600000 -1.058154 -3.619985 0.386886 2.380142 2.330592
 17.700000 -1.058703 -3.724324 0.395863 2.346248 2.337788
 17.800000 -1.068662 -4.289055 0.432371 1.899427 2.343785
 17.900000 -1.068720 -4.292398 0.427495 1.901699 2.350875
 18.000000 -1.055658 -3.511558 0.375791 2.421082 2.361193
 18.100000 -1.058809 -3.713032 0.394085 2.374835 2.368460
 18.200000 -1.068079 -4.275552 0.426213 1.936199 2.373936
 18.300000 -1.071132 -4.341880 0.428886 1.863648 2.378188
 18.400000 -1.062496 -3.734862 0.388087 2.380629 2.384297
 18.500000 -1.074557 -4.827988 0.446472 1.197442 2.392258
 18.600000 -1.069012 -4.415207 0.435292 1.787244 2.397252
 18.700000 -1.053173 -3.369130 0.374553 2.447789 2.403634
 18.800000 -1.062735 -3.820951 0.398118 2.362928 2.412349
 18.900000 -1.057833 -3.765168 0.402541 2.401006 2.417315
 19.000000 -1.067776 -4.162960 0.417066 2.102561 2.423773
 19.100000 -1.072604 -4.617988 0.439431 1.515805 2.428586
 19.200000 -1.035583 -2.799826 0.291657 2.044061 2.435546
 19.300000 -1.061013 -3.725500 0.387143 2.453534 2.438299
 19.400000 -1.013067 -2.123605 0.145271 1.691300 2.438465
 19.500000 -1.024393 -2.456523 0.148253 2.075754 2.438330
 19.600000 -1.026131 -2.452663 0.144384 2.099915 2.438195
 19.700000 -1.025426 -2.507803 0.149396 2.120116 2.438058
 19.800000 -1.012246 -2.153162 0.139834 1.836294 2.437923
 19.900000 -1.024035 -2.434891 0.137930 2.148625 2.437787
 20.000000 -1.031660 -2.573435 0.126346 2.165934 2.437653
 20.100000 -1.024106 -2.337531 0.130380 2.129510 2.437520
 20.200000 -1.024983 -2.418159 0.135993 2.191384 2.437388
 20.300000 -1.012514 -2.109693 0.134190 1.818133 2.437257
 20.400000 -1.023535 -2.434005 0.138850 2.230056 2.437128
 20.500000 -1.026793 -2.452906 0.139673 2.255621 2.437004
 20.600000 -1.005207 -1.967341 0.125938 1.494869 2.436875
 20.700000 -0.991450 -1.725891 0.129070 0.392033 2.436751
 20.800000 -1.028924 -2.529821 0.148269 2.296754 2.436632
 20.900000 -1.027100 -2.588055 0.146471 2.295058 2.436515
 21.000000 -0.999288 -1.791343 0.121157 0.757671 2.436407
 21.100000 -1.002276 -1.883104 0.132039 1.234666 2.436313
 21.200000 -1.029200 -2.638072 0.165833 2.310151 2.436250
 21.300000 -1.033162 -2.735609 0.137984 2.235290 2.436184
 21.400000 -1.010810 -2.046296 0.141812 1.826721 2.436152
 21.500000 -1.032520 -2.713997 0.145033 2.274916 2.436176
 21.600000 -1.029339 -2.625212 0.143441 2.368901 2.436256
 21.700000 -1.035185 -2.806122 0.135332 2.220785 2.436454
 21.800000 -1.025763 -2.461199 0.144249 2.404824 2.436813
 21.900000 -1.014750 -2.174725 0.126891 2.157905 2.437380
 22.000000 -1.019271 -2.236901 0.145087 2.267356 2.438157
 22.100000 -0.999272 -1.859373 0.125005 1.251662 2.439150
 22.200000 -1.028900 -2.509314 0.153911 2.461073 2.440732
 22.300000 -1.010906 -2.133275 0.142086 2.118455 2.442158
 22.400000 -1.020267 -2.294751 0.137419 2.371499 2.444272
 22.500000 -1.036458 -2.816756 0.155130 2.294788 2.447053
 22.600000 -1.038770 -2.855177 0.146067 2.274832 2.451806
 22.700000 -1.006972 -1.975488 0.138678 1.738349 2.457489
 22.800000 -1.030049 -2.579880 0.145983 2.511399 2.463000
 22.900000 -1.027004 -2.484229 0.132388 2.529980 2.468279
 23.000000 -1.022428 -2.430714 0.136983 2.533862 2.476094
 23.100000 -1.033489 -2.812723 0.151480 2.344816 2.483451
 23.200000 -1.026331 -2.480012 0.143870 2.559414 2.489798
 23.300000 -0.993905 -1.778797 0.130491 0.944075 2.496755
 23.400000 -1.035890 -2.820924 0.143115 2.360924 2.503617
 23.500000 -1.030992 -2.571859 0.136820 2.575941 2.513227
 23.600000 -1.020280 -2.301433 0.155732 2.489381 2.519002
 23.700000 -0.992082 -1.745543 0.129230 0.788720 2.524664
 23.800000 -1.018641 -2.275174 0.140191 2.493698 2.532068
 23.900000 -1.030765 -2.655027 0.137554 2.571658 2.540593
 24.000000 -1.026157 -2.455731 0.141413 2.622378 2.553002
 24.100000 -1.015827 -2.190937 0.138863 2.402779 2.563500
 24.200000 -1.029185 -2.597720 0.138355 2.629185 2.572783
 24.300000 -1.021626 -2.434878 0.148264 2.644142 2.580936
 24.400000 -1.016355 -2.256065 0.134942 2.511728 2.588741
 24.500000 -1.018645 -2.304703 0.138556 2.566092 2.593038
 24.600000 -1.009830 -2.054820 0.140973 2.139238 2.601806
 24.700000 -1.028293 -2.568570 0.146074 2.677061 2.610556
 24.800000 -1.035781 -2.887897 0.163472 2.405259 2.619519
 24.900000 -1.037162 -2.872404 0.152619 2.428518 2.628662
 25.000000 -1.030576 -2.688335 0.165876 2.650877 2.635348
 25.100000 -1.014592 -2.106549 0.140973 2.308889 2.642517
 25.200000 -1.024564 -2.462494 0.143556 2.720662 2.650858
 25.300000 -1.025185 -2.415492 0.146334 2.714418 2.657585
 25.400000 -1.029785 -2.662621 0.142454 2.690792 2.665026
 25.500000 -1.018916 -2.279196 0.142111 2.614672 2.669945
 25.600000 -1.018315 -2.264913 0.143100 2.606077 2.678598
 25.700000 -1.024218 -2.378260 0.139472 2.718100 2.682799
 25.800000 -1.031487 -2.634876 0.137378 2.727578 2.688701
 25.900000 -1.029460 -2.575221 0.141201 2.756406 2.695602
 26.000000 -1.011737 -2.078563 0.127563 2.318705 2.699740
 26.100000 -1.015170 -2.207970 0.137761 2.572055 2.705392
 26.200000 -1.019267 -2.277959 0.136612 2.660554 2.710881
 26.300000 -1.011162 -2.028313 0.129857 2.202363 2.717902
 26.400000 -1.020588 -2.423046 0.132520 2.782096 2.724208
 26.500000 -0.999264 -1.861706 0.122223 1.651732 2.733371
 26.600000 -1.013718 -2.124047 0.129885 2.462088 2.741021
 26.700000 -1.003816 -1.911064 0.124256 1.851955 2.750583
 26.800000 -1.020894 -2.348689 0.140118 2.766619 2.756808
 26.900000 -1.022524 -2.313582 0.136121 2.743482 2.759701
 27.000000 -1.031016 -2.614113 0.130322 2.810765 2.765215
 27.100000 -1.007103 -1.926358 0.123750 1.925152 2.772887
 27.200000 -1.030059 -2.695197 0.144691 2.783528 2.779825
 27.300000 -1.019979 -2.279154 0.133681 2.730715 2.783327
 27.400000 -1.007266 -1.999090 0.135360 2.176767 2.787495
 27.500000 -1.026010 -2.457050 0.158264 2.861340 2.794235
 27.600000 -1.010814 -2.105497 0.133977 2.484827 2.800895
 27.700000 -0.985533 -1.615685 0.120801 0.300901 2.804256
 27.800000 -1.019420 -2.274776 0.139570 2.760340 2.812283
 27.900000 -1.029386 -2.665247 0.164965 2.835332 2.818653
 28.000000 -1.034059 -2.795344 0.156187 2.742758 2.826361
 28.100000 -1.040787 -3.072622 0.164956 2.414969 2.832037
 28.200000 -1.035834 -2.788347 0.150311 2.764542 2.839097
 28.300000 -1.026669 -2.564518 0.141063 2.903265 2.844088
 28.400000 -1.012682 -2.160014 0.137906 2.633134 2.851758
 28.500000 -0.991993 -1.676349 0.124837 0.693566 2.857566
 28.600000 -1.035233 -2.870905 0.152499 2.699393 2.862432
 28.700000 -1.020631 -2.321604 0.150047 2.859279 2.866617
 28.800000 -1.033058 -2.645499 0.146539 2.902573 2.873326
 28.900000 -1.011323 -2.023010 0.134668 2.330144 2.878253
 29.000000 -1.029527 -2.638573 0.139854 2.917244 2.884721
 29.100000 -1.027386 -2.505415 0.142107 2.959891 2.891417
 29.200000 -1.008077 -1.972889 0.129439 2.188343 2.895659
 29.300000 -1.039859 -3.020915 0.171973 2.512323 2.900698
 29.400000 -1.034125 -2.696677 0.154424 2.908271 2.906866
 29.500000 -1.039704 -3.030857 0.163677 2.510281 2.912025
 29.600000 -1.001932 -1.920487 0.134567 2.033383 2.916156
 29.700000 -1.028391 -2.555799 0.139030 2.987987 2.923018
 29.800000 -1.016909 -2.301922 0.133819 2.898460 2.928268
 29.900000 -1.016042 -2.268852 0.136548 2.871866 2.930973
 30.000000 -1.029027 -2.630550 0.142092 2.978191 2.937268
 30.100000 -1.007062 -2.007915 0.131506 2.352280 2.941865
 30.200000 -1.033459 -2.734143 0.164268 2.916663 2.946672
 30.300000 -1.014470 -2.141158 0.137695 2.701095 2.953053
 30.400000 -1.015039 -2.212529 0.140243 2.824399 2.958754
 30.500000 -1.028994 -2.555456 0.146063 3.027843 2.963724
 30.600000 -1.027466 -2.474657 0.140037 3.034429 2.970029
 30.700000 -1.005658 -1.998116 0.125110 2.344442 2.974357
 30.800000 -1.005304 -1.969884 0.132905 2.256770 2.980770
 30.900000 -1.050257 -3.313245 0.345056 2.470807 2.983701
 31.000000 -1.045257 -3.096816 0.336930 2.504954 2.983607
 31.100000 -1.049994 -3.268444 0.351279 2.509934 2.983515
 31.200000 -1.053560 -3.499864 0.367195 2.519771 2.983423
 31.300000 -1.052472 -3.375842 0.370577 2.551623 2.983331
 31.400000 -1.048699 -3.269449 0.356879 2.566323 2.983240
 31.500000 -1.054630 -3.521371 0.366598 2.545617 2.983149
 31.600000 -1.053006 -3.465133 0.369880 2.573680 2.983058
 31.700000 -1.062458 -3.901248 0.397304 2.358443 2.982968
 31.800000 -1.047899 -3.154593 0.327900 2.590123 2.982878
 31.900000 -1.046797 -3.163332 0.300193 2.607837 2.982789
 32.000000 -1.051921 -3.421150 0.371241 2.634300 2.982700
 32.100000 -1.047943 -3.215354 0.356680 2.647653 2.982610
 32.200000 -1.045783 -3.057048 0.284196 2.626512 2.982522
 32.300000 -1.046114 -3.058170 0.318907 2.634846 2.982433
 32.400000 -1.054579 -3.501415 0.373713 2.644617 2.982345
 32.500000 -1.045141 -3.050032 0.307059 2.649895 2.982259
 32.600000 -1.053659 -3.478307 0.375843 2.677123 2.982171
 32.700000 -1.065319 -4.033878 0.403583 2.257356 2.982084
 32.800000 -1.063399 -3.975980 0.406505 2.318024 2.981997
 32.900000 -1.054831 -3.482613 0.353869 2.699285 2.981910
 33.000000 -1.062498 -3.851685 0.389487 2.443714 2.981824
 33.100000 -1.065755 -4.034729 0.412478 2.267393 2.981738
 33.200000 -1.042151 -3.002966 0.283490 2.698317 2.981653
 33.300000 -1.060566 -3.826558 0.393856 2.487091 2.981568
 33.400000 -1.055090 -3.577139 0.366707 2.689837 2.981484
 33.500000 -1.055998 -3.493603 0.362291 2.735815 2.981402
 33.600000 -1.051762 -3.335887 0.345756 2.775956 2.981319
 33.700000 -1.046493 -3.199410 0.343100 2.776659 2.981236
 33.800000 -1.051230 -3.321086 0.353809 2.792645 2.981154
 33.900000 -1.055314 -3.577334 0.388003 2.723238 2.981075
 34.000000 -1.048857 -3.285532 0.358995 2.806679 2.980994
 34.100000 -1.064302 -3.863048 0.394911 2.497641 2.980914
 34.200000 -1.048582 -3.191420 0.313974 2.807302 2.980835
 34.300000 -1.065495 -4.083897 0.410995 2.248122 2.980757
 34.400000 -1.049742 -3.237073 0.344995 2.829811 2.980683
 34.500000 -1.050710 -3.313869 0.351434 2.837695 2.980611
 34.600000 -1.053660 -3.515097 0.369781 2.792542 2.980538
 34.700000 -1.043637 -3.066380 0.313180 2.780502 2.980468
 34.800000 -1.045602 -3.141392 0.319014 2.823117 2.980403
 34.900000 -1.060791 -3.818825 0.407006 2.586219 2.980337
 35.000000 -1.039851 -2.941267 0.256776 2.793036 2.980279
 35.100000 -1.056415 -3.539651 0.378571 2.807627 2.980220
 35.200000 -1.062599 -3.774300 0.377286 2.642833 2.980169
 35.300000 -1.043964 -3.025036 0.283869 2.803658 2.980127
 35.400000 -1.050956 -3.328087 0.343493 2.884976 2.980090
 35.500000 -1.048648 -3.229950 0.343458 2.892459 2.980059
 35.600000 -1.065743 -4.220836 0.415329 2.119030 2.980048
 35.700000 -1.067950 -4.242580 0.422109 2.094672 2.980027
 35.800000 -1.063802 -3.974622 0.399587 2.457210 2.980017
 35.900000 -1.056571 -3.582626 0.382711 2.831355 2.980015
 36.000000 -1.063959 -4.071770 0.410759 2.336982 2.980020
 36.100000 -1.057314 -3.569853 0.363249 2.849613 2.980066
 36.200000 -1.062649 -3.867959 0.384989 2.599302 2.980110
 36.300000 -1.068916 -4.320782 0.428841 1.994575 2.980236
 36.400000 -1.062070 -3.849258 0.406438 2.627958 2.980307
 36.500000 -1.056756 -3.568153 0.379591 2.866236 2.980381
 36.600000 -1.064695 -4.029424 0.407446 2.429896 2.980468
 36.700000 -1.066040 -4.160421 0.419265 2.257327 2.980555
 36.800000 -1.042270 -2.996877 0.297479 2.850572 2.980786
 36.900000 -1.064913 -3.881574 0.388538 2.622541 2.980967
 37.000000 -1.047258 -3.159695 0.342490 2.943724 2.981230
 37.100000 -1.047815 -3.187889 0.336226 2.955825 2.981470
 37.200000 -1.045177 -3.074153 0.314630 2.911337 2.981694
 37.300000 -1.058120 -3.751443 0.391639 2.774968 2.982185
 37.400000 -1.064812 -4.155069 0.416647 2.299555 2.982605
 37.500000 -1.065573 -3.998273 0.398169 2.513349 2.983139
 37.600000 -1.057423 -3.616505 0.371164 2.882277 2.983518
 37.700000 -1.069239 -4.379593 0.420665 1.959553 2.984016
 37.800000 -1.061164 -3.827965 0.390863 2.724699 2.984647
 37.900000 -1.056681 -3.566906 0.384313 2.922087 2.985511
 38.000000 -1.051905 -3.331181 0.352695 3.001890 2.986634
 38.100000 -1.060049 -3.793735 0.394650 2.769147 2.987400
 38.200000 -1.060478 -3.782978 0.401502 2.783105 2.988221
 38.300000 -1.056477 -3.667379 0.374068 2.880255 2.989172
 38.400000 -1.049892 -3.295703 0.330652 3.016331 2.990288
 38.500000 -1.062052 -4.014728 0.412186 2.539892 2.991460
 38.600000 -1.049578 -3.253661 0.345489 3.024761 2.993188
 38.700000 -1.059045 -3.736910 0.397005 2.843861 2.994923
 38.800000 -1.059482 -3.779307 0.407571 2.812844 2.997366
 38.900000 -1.045744 -3.049056 0.303014 2.972789 2.999052
 39.000000 -1.052864 -3.385341 0.345901 3.035144 3.001054
 39.100000 -1.040987 -2.972063 0.319476 2.931556 3.003114
 39.200000 -1.065919 -4.017612 0.397044 2.562172 3.006128
 39.300000 -1.049531 -3.262608 0.329026 3.056592 3.008759
 39.400000 -1.067401 -4.239632 0.421758 2.243704 3.010855
 39.500000 -1.049934 -3.292307 0.345980 3.063734 3.013965
 39.600000 -1.067258 -4.242988 0.429787 2.249257 3.017752
 39.700000 -1.058979 -3.656736 0.391769 2.939564 3.019877
 39.800000 -1.045801 -3.069634 0.305529 3.022092 3.022207
 39.900000 -1.049807 -3.393565 0.365870 3.070790 3.024424
 40.000000 -1.039066 -2.923854 0.307048 2.935272 3.027649
 40.100000 -1.066809 -4.071640 0.412198 2.527982 3.030430
 40.200000 -1.072407 -4.700479 0.447319 1.454583 3.034204
 40.300000 -1.045941 -3.144144 0.326011 3.074274 3.037546
 40.400000 -1.065643 -4.187848 0.421039 2.368257 3.039705
 40.500000 -1.060519 -3.749139 0.387566 2.896236 3.041673
 40.600000 -1.073232 -4.603799 0.443507 1.645967 3.044882
 40.700000 -1.057455 -3.751482 0.380372 2.901576 3.048369
 40.800000 -1.062479 -3.852719 0.389386 2.798769 3.051539
 40.900000 -1.057039 -3.620029 0.390408 3.008424 3.054962
 41.000000 -1.070823 -4.543643 0.440568 1.780674 3.057572
 41.100000 -1.043387 -2.963273 0.302883 3.003036 3.061223
 41.200000 -1.054533 -3.454391 0.355088 3.097517 3.065485
 41.300000 -1.059322 -3.735114 0.396389 2.935027 3.068104
 41.400000 -1.070359 -4.544913 0.439154 1.786463 3.071012
 41.500000 -1.063454 -4.051252 0.410245 2.598204 3.072082
 41.600000 -1.051631 -3.350124 0.353205 3.132660 3.075303
 41.700000 -1.063173 -3.924712 0.405593 2.757180 3.079029
 41.800000 -1.044696 -3.106929 0.330933 3.111755 3.081939
 41.900000 -1.061894 -3.832399 0.383395 2.871148 3.085268
 42.000000 -1.056794 -3.526332 0.355805 3.092376 3.089049
 42.100000 -1.034079 -2.757177 0.288533 2.966057 3.091451
 42.200000 -1.057556 -3.560397 0.380953 3.086099 3.094353
 42.300000 -1.064450 -4.037117 0.409194 2.640069 3.096140
 42.400000 -1.040430 -2.919627 0.294244 3.013220 3.099803
 42.500000 -1.011287 -2.064862 0.133312 2.556590 3.101783
 42.600000 -1.007598 -1.967914 0.129736 2.265514 3.101849
 42.700000 -1.024315 -2.441473 0.132044 3.053440 3.101942
 42.800000 -1.034329 -2.691914 0.136270 3.013109 3.102083
 42.900000 -1.024748 -2.379787 0.138224 3.042831 3.102229
 43.000000 -1.027351 -2.578017 0.137288 3.070487 3.102514
 43.100000 -1.031118 -2.718532 0.134399 3.007733 3.102803
 43.200000 -1.031417 -2.623689 0.144118 3.064484 3.103173
 43.300000 -1.027667 -2.474241 0.130891 3.101504 3.103706
 43.400000 -0.989759 -1.706983 0.128781 1.096446 3.104257
 43.500000 -1.005401 -1.977455 0.129702 2.355203 3.104727
 43.600000 -1.033830 -2.753358 0.146170 3.010742 3.105251
 43.700000 -1.022349 -2.426404 0.138741 3.114218 3.106306
 43.800000 -1.030048 -2.593411 0.132378 3.111662 3.107614
 43.900000 -1.017720 -2.227802 0.128189 2.950486 3.109318
 44.000000 -1.026326 -2.564342 0.160329 3.136451 3.110695
 44.100000 -0.996032 -1.758507 0.126748 1.464443 3.111517
 44.200000 -1.009498 -2.048806 0.135740 2.613514 3.112987
 44.300000 -1.027454 -2.517170 0.152203 3.160935 3.115831
 44.400000 -1.033130 -2.702842 0.160629 3.073844 3.118258
 44.500000 -1.008318 -2.008375 0.130944 2.513965 3.120506
 44.600000 -1.014833 -2.154023 0.135266 2.871138 3.122469
 44.700000 -1.035228 -2.848835 0.148218 3.013112 3.125276
 44.800000 -1.037423 -2.834681 0.146154 3.017160 3.128667
 44.900000 -1.031614 -2.651928 0.140733 3.143471 3.131353
 45.000000 -1.033341 -2.682400 0.135122 3.125417 3.133080
 45.100000 -1.036761 -2.847166 0.143668 3.021774 3.135766
 45.200000 -1.014155 -2.200237 0.128950 2.977667 3.138559
 45.300000 -1.033085 -2.734867 0.141023 3.097607 3.141382
 45.400000 -1.020710 -2.263267 0.136408 3.077167 3.144508
 45.500000 -1.033750 -2.773092 0.154887 3.072983 3.148122
 45.600000 -1.030137 -2.679922 0.152349 3.155716 3.151332
 45.700000 -1.020669 -2.309148 0.137577 3.141687 3.155982
 45.800000 -1.017090 -2.301613 0.140546 3.138887 3.160798
 45.900000 -1.026592 -2.537738 0.134744 3.229270 3.165022
 46.000000 -1.026849 -2.388388 0.141074 3.213440 3.169284
 46.100000 -1.024140 -2.391173 0.139296 3.219424 3.174108
 46.200000 -1.018213 -2.336190 0.143873 3.191235 3.178996
 46.300000 -1.004726 -1.969006 0.136823 2.472584 3.184216
 46.400000 -1.006376 -1.990066 0.125822 2.548118 3.187758
 46.500000 -1.031173 -2.678988 0.125563 3.199600 3.192832
 46.600000 -1.033876 -2.831559 0.139017 3.075861 3.195181
 46.700000 -1.012529 -2.109535 0.136844 2.884859 3.198931
 46.800000 -1.024432 -2.451386 0.142308 3.270214 3.204202
 46.900000 -1.021841 -2.351962 0.149057 3.233093 3.209763
 47.000000 -1.019378 -2.269034 0.143888 3.157147 3.214739
 47.100000 -1.029477 -2.452428 0.141921 3.285722 3.219640
 47.200000 -1.024435 -2.445059 0.145643 3.288677 3.223817
 47.300000 -1.025125 -2.434157 0.138641 3.291199 3.228103
 47.400000 -1.019977 -2.288520 0.147507 3.193410 3.232997
 47.500000 -1.001075 -1.834144 0.129807 1.985427 3.236302
 47.600000 -1.018180 -2.227693 0.136501 3.123587 3.239469
 47.700000 -1.029135 -2.578551 0.144372 3.303105 3.244936
 47.800000 -1.010361 -2.094615 0.131953 2.895362 3.250313
 47.900000 -1.026178 -2.497830 0.142971 3.324484 3.253757
 48.000000 -1.023960 -2.344751 0.146940 3.272996 3.258139
 48.100000 -0.986964 -1.633567 0.124871 0.805020 3.259737
 48.200000 -1.034078 -2.821652 0.153436 3.138387 3.264689
 48.300000 -1.028430 -2.611944 0.156378 3.316163 3.269102
 48.400000 -1.031701 -2.662419 0.161270 3.297427 3.273662
 48.500000 -0.987921 -1.676324 0.129759 1.120249 3.276842
 48.600000 -1.023292 -2.320844 0.139655 3.276546 3.280869
 48.700000 -1.018779 -2.256410 0.134547 3.205832 3.285109
 48.800000 -1.008689 -1.999152 0.143577 2.683882 3.288269
 48.900000 -1.032892 -2.778162 0.152868 3.211702 3.292115
 49.000000 -1.028993 -2.644871 0.141529 3.328731 3.296074
 49.100000 -1.024713 -2.397176 0.138722 3.349679 3.300735
 49.200000 -1.035869 -2.804043 0.157444 3.192664 3.305416
 49.300000 -1.029862 -2.603976 0.140871 3.357208 3.309511
 49.400000 -1.001449 -1.861378 0.131721 2.193592 3.312558
 49.500000 -1.036576 -2.815278 0.136374 3.190080 3.315197
 49.600000 -1.034764 -2.823664 0.160693 3.186333 3.320349
 49.700000 -1.019163 -2.275837 0.137907 3.271355 3.323819
 49.800000 -1.036869 -2.875066 0.140590 3.145597 3.327799
 49.900000 -1.034566 -2.826726 0.162528 3.194304 3.330164
 50.000000 -1.034499 -2.804493 0.156134 3.223087 3.334373
 50.100000 -1.008527 -2.122593 0.134928 3.045221 3.336466
 50.200000 -1.038577 -2.857408 0.154670 3.174215 3.339560
 50.300000 -1.018811 -2.289671 0.140771 3.309939 3.343984
 50.400000 -1.033062 -2.689692 0.145146 3.351071 3.347147
 50.500000 -1.030900 -2.716673 0.146450 3.335351 3.350801
 50.600000 -1.029165 -2.625283 0.139916 3.395828 3.355541
 50.700000 -1.006797 -1.919275 0.128177 2.479561 3.358708
 50.800000 -1.031924 -2.754115 0.152109 3.314762 3.361258
 50.900000 -1.036945 -2.886412 0.136453 3.174476 3.366114
 51.000000 -1.027033 -2.596525 0.147681 3.423436 3.370458
 51.100000 -1.021799 -2.319294 0.130188 3.363817 3.373575
 51.200000 -1.032907 -2.850147 0.144260 3.219770 3.377953
 51.300000 -1.036139 -2.867428 0.153152 3.205059 3.381280
 51.400000 -1.023182 -2.535790 0.142920 3.449852 3.385365
 51.500000 -1.029884 -2.650959 0.149353 3.420015 3.389302
 51.600000 -1.021328 -2.351293 0.139041 3.411386 3.391863
 51.700000 -1.026178 -2.549406 0.146631 3.456186 3.394693
 51.800000 -1.033418 -2.744554 0.155480 3.363794 3.397197
 51.900000 -1.011670 -2.128089 0.144834 3.111474 3.401103
 52.000000 -1.002734 -1.925349 0.135862 2.528787 3.404286
 52.100000 -1.022262 -2.417370 0.143600 3.462025 3.406963
 52.200000 -1.031920 -2.680695 0.142870 3.425916 3.410364
 52.300000 -1.034330 -2.802216 0.163927 3.313525 3.413172
 52.400000 -1.021595 -2.362805 0.147130 3.446035 3.417061
 52.500000 -1.026642 -2.411798 0.133840 3.474125 3.421314
 52.600000 -1.035186 -2.780038 0.145387 3.349476 3.424613
 52.700000 -1.015096 -2.174562 0.134203 3.228035 3.427441
 52.800000 -1.023233 -2.472861 0.140949 3.496749 3.431711
 52.900000 -1.031787 -2.674773 0.157366 3.453549 3.433990
 53.000000 -1.033655 -2.775727 0.134903 3.368162 3.438385
 53.100000 -1.037026 -2.892947 0.168356 3.225001 3.441372
 53.200000 -1.029886 -2.611523 0.148615 3.490440 3.444439
 53.300000 -1.035478 -2.836165 0.142429 3.302864 3.447222
 53.400000 -1.024324 -2.395558 0.143335 3.493998 3.450132
 53.500000 -1.026670 -2.511522 0.135477 3.519890 3.453873
 53.600000 -1.028650 -2.584028 0.155072 3.511809 3.457702
 53.700000 -1.008461 -1.977527 0.121947 2.780127 3.460827
 53.800000 -1.037351 -2.950119 0.147167 3.191782 3.463692
 53.900000 -1.012571 -2.166039 0.137498 3.251580 3.467368
 54.000000 -1.033448 -2.716934 0.125548 3.458660 3.469591
 54.100000 -1.006980 -2.033595 0.134848 2.961152 3.471781
 54.200000 -1.016861 -2.220473 0.127280 3.349799 3.474539
 54.300000 -1.034346 -2.850465 0.138627 3.318970 3.477626
 54.400000 -1.027899 -2.535015 0.148907 3.543384 3.480100
 54.500000 -1.037283 -2.898621 0.152154 3.263569 3.483811
 54.600000 -1.031121 -2.621054 0.149453 3.528246 3.487820
 54.700000 -1.015878 -2.087554 0.129410 3.112346 3.491895
 54.800000 -1.036917 -2.847572 0.149428 3.335947 3.494452
 54.900000 -1.023924 -2.410084 0.141127 3.548080 3.497586
 55.000000 -1.012319 -2.092371 0.131755 3.134955 3.500140
 55.100000 -1.030282 -2.640864 0.131220 3.532289 3.502092
 55.200000 -1.080337 -5.271361 0.459139 0.530263 3.502391
 55.300000 -1.076287 -4.983475 0.452933 1.101290 3.502335
 55.400000 -1.073280 -4.592250 0.440666 1.750077 3.502280
 55.500000 -1.079315 -5.043493 0.450928 1.072990 3.502224
 55.600000 -1.069427 -4.342103 0.428352 2.195232 3.502169
 55.700000 -1.080343 -5.258374 0.456060 0.724952 3.502114
 55.800000 -1.077091 -4.976808 0.451822 1.260790 3.502059
 55.900000 -1.074571 -4.675647 0.439013 1.745120 3.502005
 56.000000 -1.074628 -4.902245 0.450767 1.413038 3.501950
 56.100000 -1.066966 -4.185081 0.419247 2.449566 3.501896
 56.200000 -1.068859 -4.139402 0.412643 2.521055 3.501842
 56.300000 -1.072497 -4.513514 0.429095 2.043843 3.501788
 56.400000 -1.080064 -5.092206 0.455369 1.168299 3.501734
 56.500000 -1.072526 -4.451542 0.437427 2.169026 3.501680
 56.600000 -1.066272 -4.014711 0.407889 2.696307 3.501626
 56.700000 -1.069185 -4.444051 0.436007 2.204076 3.501572
 56.800000 -1.074633 -4.571350 0.437454 2.026939 3.501519
 56.900000 -1.065448 -4.117724 0.417260 2.594875 3.501465
 57.000000 -1.069448 -4.201569 0.412028 2.506090 3.501412
 57.100000 -1.068658 -4.224407 0.425556 2.490770 3.501359
 57.200000 -1.070615 -4.296053 0.425280 2.418681 3.501306
 57.300000 -1.075464 -4.853733 0.446862 1.634510 3.501253
 57.400000 -1.069367 -4.456761 0.436735 2.247252 3.501200
 57.500000 -1.072780 -4.551848 0.443211 2.125400 3.501147
 57.600000 -1.064348 -3.915796 0.404763 2.841527 3.501094
 57.700000 -1.067455 -4.154762 0.418172 2.621961 3.501042
 57.800000 -1.069564 -4.180420 0.415326 2.603571 3.500989
 57.900000 -1.079887 -5.183914 0.459184 1.113170 3.500937
 58.000000 -1.064207 -3.859266 0.391589 2.909578 3.500884
 58.100000 -1.073942 -4.586568 0.434842 2.113525 3.500832
 58.200000 -1.072480 -4.517658 0.436146 2.216718 3.500780
 58.300000 -1.060451 -3.692055 0.392168 3.032180 3.500728
 58.400000 -1.060031 -3.773977 0.399546 2.986596 3.500676
 58.500000 -1.073376 -4.553027 0.436201 2.182869 3.500624
 58.600000 -1.058221 -3.666419 0.375959 3.054228 3.500573
 58.700000 -1.067809 -4.172919 0.415763 2.664686 3.500521
 58.800000 -1.062293 -3.763368 0.402863 3.007869 3.500469
 58.900000 -1.070745 -4.266200 0.422249 2.576363 3.500418
 59.000000 -1.060257 -3.688854 0.399961 3.057275 3.500367
 59.100000 -1.070005 -4.359255 0.432060 2.486618 3.500316
 59.200000 -1.079523 -5.150878 0.456935 1.252607 3.500264
 59.300000 -1.077179 -4.849807 0.449219 1.789279 3.500213
 59.400000 -1.073603 -4.650010 0.445398 2.095586 3.500162
 59.500000 -1.071700 -4.402385 0.431837 2.456878 3.500111
 59.600000 -1.078705 -5.074478 0.454866 1.424676 3.500060
 59.700000 -1.056905 -3.647148 0.388031 3.100053 3.500010
 59.800000 -1.074082 -4.665437 0.440918 2.092848 3.499959
 59.900000 -1.070266 -4.302513 0.423432 2.584360 3.499909
 60.000000 -1.059541 -3.617101 0.375414 3.120095 3.499858
 60.100000 -1.057884 -3.626919 0.380571 3.120259 3.499808
 60.200000 -1.058511 -3.674166 0.392452 3.107847 3.499758
 60.300000 -1.065202 -4.025272 0.419062 2.890405 3.499707
 60.400000 -1.060941 -3.800896 0.399594 3.054328 3.499657
 60.500000 -1.070934 -4.556419 0.438918 2.287964 3.499607
 60.600000 -1.059035 -3.613131 0.371050 3.145304 3.499557
 60.700000 -1.058008 -3.518558 0.365566 3.162307 3.499507
 60.800000 -1.071570 -4.496678 0.437628 2.381864 3.499458
 60.900000 -1.066221 -4.042815 0.413968 2.897651 3.499408
 61.000000 -1.063959 -3.947344 0.411296 2.971454 3.499358
 61.100000 -1.052592 -3.326775 0.361816 3.179991 3.499309
 61.200000 -1.059229 -3.734936 0.401187 3.121560 3.499259
 61.300000 -1.065545 -3.862497 0.401336 3.047662 3.499210
 61.400000 -1.061194 -3.814137 0.409667 3.084847 3.499160
 61.500000 -1.058636 -3.587482 0.377541 3.175908 3.499111
 61.600000 -1.054457 -3.416343 0.345366 3.198467 3.499062
 61.700000 -1.055148 -3.503438 0.367834 3.193312 3.499013
 61.800000 -1.058664 -3.665969 0.400152 3.163829 3.498964
 61.900000 -1.070587 -4.350477 0.425564 2.604661 3.498915
 62.000000 -1.064244 -3.899938 0.405183 3.047275 3.498866
 62.100000 -1.059962 -3.695813 0.387064 3.168497 3.498818
 62.200000 -1.076670 -4.818814 0.445295 1.953997 3.498769
 62.300000 -1.071227 -4.622209 0.439017 2.246872 3.498720
 62.400000 -1.055737 -3.479939 0.379004 3.212713 3.498672
 62.500000 -1.060050 -3.709271 0.388583 3.177128 3.498623
 62.600000 -1.057277 -3.645293 0.387264 3.198191 3.498575
 62.700000 -1.073509 -4.751258 0.447367 2.068272 3.498527
 62.800000 -1.051541 -3.270210 0.361169 3.194904 3.498478
 62.900000 -1.058075 -3.592295 0.380887 3.218174 3.498430
 63.000000 -1.060217 -3.761163 0.395623 3.172276 3.498383
 63.100000 -1.067268 -4.114338 0.420259 2.917641 3.498335
 63.200000 -1.076769 -5.034410 0.452785 1.633292 3.498287
 63.300000 -1.050150 -3.253627 0.349732 3.201930 3.498239
 63.400000 -1.054796 -3.436263 0.376198 3.244750 3.498191
 63.500000 -1.073447 -4.628954 0.435321 2.282540 3.498144
 63.600000 -1.050911 -3.293392 0.359350 3.221211 3.498096
 63.700000 -1.054728 -3.501014 0.385360 3.251559 3.498049
 63.800000 -1.071699 -4.411660 0.428862 2.593970 3.498001
 63.900000 -1.053136 -3.360607 0.359185 3.249812 3.497954
 64.000000 -1.047350 -3.197299 0.342163 3.195185 3.497907
 64.100000 -1.075811 -4.884043 0.450910 1.906921 3.497860
 64.200000 -1.073601 -4.446599 0.434370 2.558825 3.497813
 64.300000 -1.064288 -4.031432 0.411996 3.023854 3.497766
 64.400000 -1.068514 -4.192307 0.422587 2.874121 3.497719
 64.500000 -1.070473 -4.387475 0.426057 2.645978 3.497672
 64.600000 -1.060585 -3.750703 0.392209 3.219176 3.497626
 64.700000 -1.053926 -3.351982 0.357274 3.270762 3.497580
 64.800000 -1.067194 -4.155779 0.418535 2.924779 3.497533
 64.900000 -1.069913 -4.252855 0.417845 2.813973 3.497487
 65.000000 -1.061198 -3.791835 0.399032 3.210794 3.497441
 65.100000 -1.049481 -3.276631 0.345053 3.251219 3.497395
 65.200000 -1.061735 -3.919788 0.410226 3.128345 3.497350
 65.300000 -1.062799 -3.816075 0.399102 3.205200 3.497304
 65.400000 -1.055279 -3.456361 0.376734 3.306318 3.497259
 65.500000 -1.059800 -3.789049 0.396616 3.227351 3.497213
 65.600000 -1.051509 -3.363279 0.368663 3.294295 3.497168
 65.700000 -1.059706 -3.638480 0.391520 3.293028 3.497122
 65.800000 -1.055252 -3.444420 0.374988 3.317091 3.497078
 65.900000 -1.048512 -3.155512 0.344413 3.214109 3.497033
 66.000000 -1.074130 -4.721646 0.447925 2.204630 3.496989
 66.100000 -1.058361 -3.587437 0.389780 3.316575 3.496944
 66.200000 -1.060794 -3.801582 0.401871 3.241673 3.496899
 66.300000 -1.074957 -4.687117 0.444358 2.262643 3.496854
 66.400000 -1.059014 -3.700500 0.386163 3.289700 3.496810
 66.500000 -1.068029 -4.241618 0.428198 2.873903 3.496766
 66.600000 -1.067266 -4.042431 0.401888 3.075111 3.496721
 66.700000 -1.076590 -4.911206 0.450993 1.930362 3.496678
 66.800000 -1.049036 -3.228887 0.349323 3.269802 3.496634
 66.900000 -1.062128 -3.802985 0.389302 3.260287 3.496592
 67.000000 -1.067170 -4.105076 0.413678 3.032531 3.496549
 67.100000 -1.047616 -3.176284 0.339321 3.249143 3.496507
 67.200000 -1.066131 -4.089376 0.417082 3.052105 3.496466
 67.300000 -1.063732 -3.947841 0.401864 3.171248 3.496424
 67.400000 -1.073636 -4.633268 0.442755 2.376959 3.496381
 67.500000 -1.065697 -3.971418 0.403309 3.159529 3.496341
 67.600000 -1.068136 -4.084678 0.415176 3.069752 3.496302
 67.700000 -1.057276 -3.642402 0.383617 3.344104 3.496263
 67.800000 -1.042029 -3.030056 0.324353 3.205684 3.496224
 67.900000 -1.069956 -4.328584 0.429364 2.795654 3.496183
 68.000000 -1.077767 -4.915514 0.449565 1.949785 3.496145
 68.100000 -1.057704 -3.697661 0.396839 3.336187 3.496107
 68.200000 -1.076217 -4.755357 0.443490 2.215451 3.496068
 68.300000 -1.055772 -3.564639 0.370966 3.375062 3.496036
 68.400000 -1.075942 -4.769727 0.439802 2.196682 3.496000
 68.500000 -1.059818 -3.716301 0.396318 3.337612 3.495964
 68.600000 -1.045292 -3.124864 0.331328 3.252736 3.495925
 68.700000 -1.078023 -4.987860 0.455243 1.851561 3.495894
 68.800000 -1.068896 -4.190005 0.425840 2.987578 3.495865
 68.900000 -1.049040 -3.125890 0.351315 3.259155 3.495836
 69.000000 -1.056846 -3.511283 0.383478 3.395377 3.495797
 69.100000 -1.065807 -4.035718 0.413041 3.142966 3.495763
 69.200000 -1.047690 -3.166643 0.337579 3.290729 3.495730
 69.300000 -1.066324 -3.987173 0.401903 3.187878 3.495703
 69.400000 -1.079196 -5.147416 0.458108 1.583703 3.495674
 69.500000 -1.059646 -3.668813 0.391129 3.375336 3.495655
 69.600000 -1.076163 -4.787332 0.442800 2.197061 3.495628
 69.700000 -1.048325 -3.207939 0.356906 3.329473 3.495602
 69.800000 -1.069132 -4.172591 0.417814 3.029357 3.495581
 69.900000 -1.054052 -3.426961 0.363517 3.412511 3.495566
 70.000000 -1.051536 -3.405601 0.364240 3.412401 3.495546
 70.100000 -1.051608 -3.326870 0.365950 3.392542 3.495528
 70.200000 -1.067414 -4.267923 0.431139 2.926807 3.495508
 70.300000 -1.059771 -3.764748 0.403747 3.356006 3.495492
 70.400000 -1.046266 -3.220812 0.335883 3.354678 3.495477
 70.500000 -1.064786 -3.954499 0.409736 3.239807 3.495472
 70.600000 -1.066137 -4.102098 0.418857 3.119010 3.495460
 70.700000 -1.053821 -3.498269 0.376573 3.431628 3.495460
 70.800000 -1.060616 -3.731560 0.395949 3.379910 3.495481
 70.900000 -1.042150 -2.973121 0.301929 3.243680 3.495475
 71.000000 -1.064286 -3.977888 0.410802 3.230815 3.495495
 71.100000 -1.058688 -3.689400 0.390839 3.400912 3.495509
 71.200000 -1.080883 -5.214265 0.456180 1.504985 3.495525
 71.300000 -1.049912 -3.216944 0.345119 3.373938 3.495530
 71.400000 -1.073010 -4.572973 0.441918 2.559184 3.495545
 71.500000 -1.052621 -3.381273 0.380327 3.441491 3.495587
 71.600000 -1.064734 -4.149470 0.419483 3.094241 3.495585
 71.700000 -1.072804 -4.416853 0.431506 2.787142 3.495607
 71.800000 -1.066846 -4.079961 0.417894 3.162668 3.495659
 71.900000 -1.059175 -3.664151 0.387719 3.429858 3.495704
 72.000000 -1.070136 -4.381038 0.433744 2.835279 3.495745
 72.100000 -1.048340 -3.181176 0.339321 3.372094 3.495806
 72.200000 -1.069234 -4.304495 0.430876 2.930109 3.495886
 72.300000 -1.054264 -3.405578 0.350028 3.461011 3.495933
 72.400000 -1.063717 -3.973636 0.407486 3.263504 3.495994
 72.500000 -1.047121 -3.178552 0.351789 3.378095 3.496092
 72.600000 -1.051025 -3.289704 0.354769 3.437413 3.496158
 72.700000 -1.060519 -3.812648 0.390817 3.382992 3.496195
 72.800000 -1.058706 -3.631737 0.375898 3.457397 3.496302
 72.900000 -1.069162 -4.363237 0.433453 2.876467 3.496441
 73.000000 -1.065164 -3.970058 0.398250 3.280961 3.496630
 73.100000 -1.048426 -3.139436 0.340437 3.358632 3.496758
 73.200000 -1.057643 -3.496526 0.355332 3.485741 3.497040
 73.300000 -1.072086 -4.546628 0.438473 2.641820 3.497169
 73.400000 -1.048292 -3.093485 0.322454 3.327350 3.497249
 73.500000 -1.081321 -5.405801 0.464197 1.174627 3.497413
 73.600000 -1.061827 -3.723687 0.391855 3.443379 3.497724
 73.700000 -1.072851 -4.522166 0.431484 2.684666 3.497728
 73.800000 -1.072971 -4.761924 0.444438 2.322051 3.498006
 73.900000 -1.077180 -4.973382 0.450055 1.978968 3.498182
 74.000000 -1.053836 -3.382218 0.349114 3.490206 3.498352
 74.100000 -1.062636 -3.820954 0.396812 3.402734 3.498602
 74.200000 -1.076711 -4.827525 0.444526 2.232458 3.498705
 74.300000 -1.042699 -2.961646 0.296207 3.278545 3.498956
 74.400000 -1.071038 -4.559908 0.438896 2.646130 3.499344
 74.500000 -1.067005 -4.028372 0.406044 3.264073 3.499677
 74.600000 -1.065547 -3.962292 0.410983 3.318028 3.500184
 74.700000 -1.065894 -4.048850 0.412481 3.249199 3.500535
 74.800000 -1.067054 -4.001174 0.412100 3.291620 3.500956
 74.900000 -1.056180 -3.581338 0.380833 3.508681 3.501395
 75.000000 -1.066987 -4.072790 0.420270 3.234563 3.501636
 75.100000 -1.066518 -4.041189 0.409298 3.264360 3.502223
 75.200000 -1.059128 -3.699272 0.395309 3.479224 3.502693
 75.300000 -1.057761 -3.603828 0.380710 3.511216 3.503358
 75.400000 -1.055009 -3.415678 0.367909 3.526289 3.503904
 75.500000 -1.052013 -3.346866 0.357708 3.512826 3.504120
 75.600000 -1.047543 -3.058105 0.328375 3.342017 3.504783
 75.700000 -1.056826 -3.533324 0.379915 3.531684 3.505661
 75.800000 -1.050025 -3.317077 0.358915 3.509803 3.506246
 75.900000 -1.070731 -4.341883 0.430648 2.959740 3.506500
 76.000000 -1.058378 -3.588378 0.377733 3.526592 3.507034
 76.100000 -1.076801 -4.921425 0.453457 2.100456 3.507507
 76.200000 -1.045772 -3.082618 0.339492 3.373241 3.508137
 76.300000 -1.078399 -4.963231 0.452108 2.036211 3.508588
 76.400000 -1.044642 -3.092598 0.325395 3.387667 3.509336
 76.500000 -1.072176 -4.540334 0.441760 2.717082 3.509941
 76.600000 -1.078856 -5.082975 0.455439 1.853688 3.511082
 76.700000 -1.069580 -4.243712 0.424541 3.088704 3.511788
 76.800000 -1.042349 -2.999670 0.323435 3.321712 3.512765
 76.900000 -1.054821 -3.498409 0.387285 3.554469 3.513568
 77.000000 -1.076975 -5.060684 0.454482 1.900402 3.514085
 77.100000 -1.074372 -4.728513 0.444245 2.436118 3.515107
 77.200000 -1.045801 -3.044112 0.331032 3.359078 3.516547
 77.300000 -1.068295 -4.211963 0.423485 3.135115 3.517041
 77.400000 -1.073260 -4.575129 0.438031 2.682699 3.518014
 77.500000 -1.073324 -4.753493 0.444118 2.405707 3.518789
 77.600000 -1.056533 -3.537725 0.378835 3.565220 3.520427
 77.700000 -1.044080 -3.098938 0.342101 3.420161 3.521742
 77.800000 -1.058069 -3.635315 0.392278 3.551392 3.523057
 77.900000 -1.072382 -4.417816 0.422458 2.904348 3.523598
 78.000000 -1.080715 -5.198673 0.457641 1.670364 3.524450
 78.100000 -1.043625 -3.011326 0.332041 3.352609 3.525911
 78.200000 -1.061290 -3.767364 0.393729 3.509115 3.527125
 78.300000 -1.060964 -3.693119 0.382088 3.541579 3.528473
 78.400000 -1.047917 -3.206193 0.353110 3.511207 3.529929
 78.500000 -1.052892 -3.423352 0.363237 3.579077 3.531660
 78.600000 -1.067104 -4.103473 0.416904 3.268439 3.532505
 78.700000 -1.043059 -2.988854 0.315639 3.347466 3.534262
 78.800000 -1.069937 -4.243804 0.420961 3.121015 3.535712
 78.900000 -1.063597 -3.956684 0.412031 3.401622 3.537081
 79.000000 -1.045229 -3.078761 0.334905 3.425193 3.538470
 79.100000 -1.066357 -4.143571 0.425537 3.238997 3.540117
 79.200000 -1.045863 -3.052804 0.319676 3.406572 3.541497
 79.300000 -1.054210 -3.412533 0.362293 3.594222 3.542885
 79.400000 -1.053504 -3.401341 0.371540 3.593119 3.543879
 79.500000 -1.054917 -3.454472 0.376885 3.603421 3.545745
 79.600000 -1.046244 -3.143675 0.340953 3.490877 3.546892
 79.700000 -1.045374 -3.128639 0.328192 3.481331 3.548070
 79.800000 -1.048047 -3.151774 0.337153 3.500853 3.550022
 79.900000 -1.062153 -3.817261 0.398044 3.514000 3.551117
 80.000000 -1.044657 -3.029455 0.299466 3.401185 3.552820
 80.100000 -1.069614 -4.256434 0.421274 3.130677 3.554433
 80.200000 -1.050691 -3.309432 0.363553 3.581655 3.555813
 80.300000 -1.067891 -4.071017 0.414637 3.328808 3.557542
 80.400000 -1.042085 -2.973376 0.299955 3.367827 3.559377
 80.500000 -1.067510 -4.148186 0.420684 3.258294 3.559962
 80.600000 -1.050686 -3.338039 0.359884 3.597120 3.561389
 80.700000 -1.075041 -4.753310 0.442200 2.462039 3.562435
 80.800000 -1.070722 -4.364670 0.432916 3.020164 3.563749
 80.900000 -1.065880 -4.097768 0.414469 3.314503 3.565241
 81.000000 -1.073565 -4.661056 0.444207 2.603401 3.567076
 81.100000 -1.051430 -3.295551 0.347140 3.592980 3.568241
 81.200000 -1.060821 -3.695930 0.387990 3.590548 3.569916
 81.300000 -1.064933 -3.909924 0.398727 3.476319 3.572214
 81.400000 -1.059411 -3.649754 0.387533 3.610593 3.574625
 81.500000 -1.067786 -4.207080 0.425337 3.209707 3.575874
 81.600000 -1.054545 -3.469101 0.383248 3.640322 3.578262
 81.700000 -1.050014 -3.237121 0.348834 3.584968 3.579927
 81.800000 -1.083413 -5.621815 0.468356 0.923237 3.580866
 81.900000 -1.078782 -4.969805 0.451806 2.141906 3.581900
 82.000000 -1.064815 -3.924024 0.412982 3.480848 3.583494
 82.100000 -1.041414 -2.916583 0.296295 3.367996 3.584841
 82.200000 -1.043549 -2.984451 0.282060 3.401976 3.586293
 82.300000 -1.072455 -4.487882 0.431955 2.883314 3.588816
 82.400000 -1.064945 -4.071754 0.413742 3.361185 3.589939
 82.500000 -1.068575 -4.251227 0.426795 3.175311 3.591955
 82.600000 -1.078618 -5.000042 0.451850 2.104658 3.592901
 82.700000 -1.066147 -4.156233 0.425290 3.282238 3.594888
 82.800000 -1.048921 -3.213050 0.342586 3.595480 3.596364
 82.900000 -1.074043 -4.572366 0.438535 2.777789 3.597580
 83.000000 -1.042534 -2.975917 0.329198 3.401506 3.599192
 83.100000 -1.049104 -3.145954 0.334133 3.559189 3.601202
 83.200000 -1.052762 -3.394396 0.375215 3.657124 3.603066
 83.300000 -1.059496 -3.619533 0.371774 3.650273 3.604494
 83.400000 -1.077837 -5.032080 0.452632 2.068109 3.605589
 83.500000 -1.070043 -4.294060 0.424876 3.141159 3.607163
 83.600000 -1.041477 -2.937496 0.310007 3.385713 3.608299
 83.700000 -1.044489 -2.981746 0.293611 3.416385 3.609970
 83.800000 -1.067414 -4.068420 0.412839 3.385530 3.611625
 83.900000 -1.055799 -3.552426 0.378728 3.671845 3.613042
 84.000000 -1.058652 -3.627305 0.390413 3.659873 3.615035
 84.100000 -1.050697 -3.315005 0.348023 3.651717 3.616839
 84.200000 -1.064225 -3.931126 0.406228 3.509419 3.618752
 84.300000 -1.052232 -3.334132 0.355047 3.661768 3.621201
 84.400000 -1.075983 -4.740323 0.444934 2.549696 3.621679
 84.500000 -1.069359 -4.278223 0.426825 3.170735 3.623418
 84.600000 -1.065914 -4.064809 0.411337 3.403388 3.625389
 84.700000 -1.053628 -3.435131 0.370026 3.687078 3.626991
 84.800000 -1.074339 -4.464689 0.434845 2.958793 3.627524
 84.900000 -1.056663 -3.525351 0.370265 3.691249 3.629605
 85.000000 -1.067231 -4.068391 0.418374 3.404747 3.631792
 85.100000 -1.044137 -3.047594 0.330853 3.497601 3.633190
 85.200000 -1.071188 -4.532798 0.436499 2.878390 3.635298
 85.300000 -1.067528 -4.139020 0.415651 3.340531 3.636676
 85.400000 -1.042208 -2.944195 0.315726 3.409910 3.637346
 85.500000 -1.066463 -3.965914 0.407618 3.502624 3.638789
 85.600000 -1.067307 -4.077749 0.410738 3.409585 3.640018
 85.700000 -1.064339 -3.901089 0.407608 3.552654 3.641355
 85.800000 -1.047431 -3.187576 0.358534 3.621557 3.643629
 85.900000 -1.062179 -3.787934 0.395825 3.625156 3.645664
 86.000000 -1.060496 -3.726066 0.392092 3.657845 3.647107
 86.100000 -1.059017 -3.675131 0.385673 3.680268 3.648735
 86.200000 -1.052667 -3.333287 0.359698 3.687791 3.649845
 86.300000 -1.069835 -4.353310 0.425797 3.117092 3.651059
 86.400000 -1.040126 -2.976214 0.325052 3.447910 3.652776
 86.500000 -1.053590 -3.531115 0.394044 3.716572 3.655064
 86.600000 -1.058983 -3.670778 0.383745 3.687471 3.656324
 86.700000 -1.066165 -4.052148 0.421753 3.452321 3.657042
 86.800000 -1.075988 -4.920153 0.454406 2.297551 3.657770
 86.900000 -1.050035 -3.195442 0.342003 3.643939 3.659055
 87.000000 -1.068881 -4.201121 0.417964 3.301742 3.660892
 87.100000 -1.059689 -3.612375 0.389669 3.712123 3.662671
 87.200000 -1.058695 -3.576341 0.381147 3.720498 3.664279
 87.300000 -1.051506 -3.337624 0.351560 3.706066 3.665531
 87.400000 -1.051154 -3.303881 0.351720 3.697147 3.666391
 87.500000 -1.041228 -2.928582 0.295317 3.425676 3.667895
 87.600000 -1.051949 -3.290865 0.353724 3.696310 3.669729
 87.700000 -1.055574 -3.440818 0.371208 3.730674 3.670909
 87.800000 -1.060600 -3.714939 0.391762 3.689442 3.672279
 87.900000 -1.058253 -3.551819 0.380946 3.732181 3.674317
 88.000000 -1.044174 -2.992938 0.325875 3.488358 3.675792
 88.100000 -1.036401 -2.879481 0.285387 3.418714 3.677396
 88.200000 -1.051667 -3.272562 0.354678 3.697757 3.678667
 88.300000 -1.040205 -2.916055 0.304016 3.430895 3.680219
 88.400000 -1.075133 -4.853866 0.446456 2.426620 3.681361
 88.500000 -1.056738 -3.578137 0.378097 3.738605 3.682910
 88.600000 -1.080738 -5.385978 0.461242 1.489534 3.684806
 88.700000 -1.051487 -3.303008 0.364139 3.715784 3.685822
 88.800000 -1.044512 -3.058981 0.313429 3.569526 3.687067
 88.900000 -1.055958 -3.395357 0.371512 3.742919 3.689527
 89.000000 -1.050253 -3.275949 0.362193 3.710533 3.691415
 89.100000 -1.064704 -3.794426 0.392889 3.671733 3.692105
 89.200000 -1.042466 -2.928295 0.305967 3.450887 3.693193
 89.300000 -1.058562 -3.604095 0.385082 3.747788 3.694816
 89.400000 -1.046599 -3.203097 0.366129 3.684772 3.695755
 89.500000 -1.083120 -5.725685 0.467927 0.815297 3.697363
 89.600000 -1.050812 -3.288361 0.350651 3.723135 3.698793
 89.700000 -1.053330 -3.407123 0.369462 3.757003 3.700611
 89.800000 -1.066485 -4.149892 0.425376 3.397157 3.701940
 89.900000 -1.042904 -3.015448 0.335854 3.543762 3.703635
 90.000000 -1.068958 -4.288811 0.424845 3.246150 3.705551
 90.100000 -1.067100 -4.019181 0.408588 3.526725 3.706888
 90.200000 -1.074888 -4.765992 0.450242 2.595090 3.708180
 90.300000 -1.065931 -3.965464 0.402681 3.573733 3.709274
 90.400000 -1.064595 -3.995411 0.406650 3.551616 3.710452
 90.500000 -1.040717 -2.930786 0.305932 3.470725 3.712834
 90.600000 -1.065477 -4.021712 0.418634 3.531252 3.714878
 90.700000 -1.044166 -3.013696 0.312822 3.553645 3.715778
 90.800000 -1.053777 -3.440088 0.376886 3.776826 3.717853
 90.900000 -1.078089 -4.955436 0.452288 2.295891 3.719420
 91.000000 -1.076398 -4.864285 0.449030 2.448929 3.720309
 91.100000 -1.047534 -3.130322 0.341019 3.663841 3.721955
 91.200000 -1.054683 -3.496639 0.378601 3.784623 3.724030
 91.300000 -1.059711 -3.706088 0.396472 3.745355 3.725264
 91.400000 -1.047728 -3.163026 0.331746 3.688804 3.726875
 91.500000 -1.038771 -2.891983 0.279618 3.457625 3.728445
 91.600000 -1.053965 -3.522284 0.378677 3.789786 3.729512
 91.700000 -1.045645 -3.055850 0.318859 3.612166 3.730477
 91.800000 -1.040844 -2.920260 0.289074 3.478240 3.731660
 91.900000 -1.060734 -3.740156 0.392195 3.737646 3.733036
 92.000000 -1.057657 -3.524882 0.380395 3.795328 3.735249
 92.100000 -1.072766 -4.502751 0.439026 3.007583 3.735962
 92.200000 -1.041963 -2.934843 0.326468 3.495282 3.737369
 92.300000 -1.076936 -4.787060 0.444856 2.594974 3.738554
 92.400000 -1.050748 -3.334988 0.364791 3.781680 3.740553
 92.500000 -1.058715 -3.618697 0.385364 3.788072 3.742045
 92.600000 -1.054347 -3.483122 0.365555 3.804175 3.743064
 92.700000 -1.057344 -3.570315 0.374744 3.799619 3.744621
 92.800000 -1.036091 -2.818578 0.305856 3.460268 3.745938
 92.900000 -1.056471 -3.538806 0.377730 3.806178 3.747571
 93.000000 -1.064381 -3.844705 0.393248 3.694176 3.749602
 93.100000 -1.056974 -3.529238 0.383833 3.811678 3.751774
 93.200000 -1.043746 -3.004246 0.296098 3.581234 3.753071
 93.300000 -1.074458 -4.620276 0.439956 2.854776 3.754358
 93.400000 -1.043166 -3.025657 0.332050 3.606750 3.755256
 93.500000 -1.064459 -4.026266 0.411372 3.567860 3.755864
 93.600000 -1.054148 -3.448551 0.376960 3.817986 3.757391
 93.700000 -1.040754 -2.928604 0.303051 3.511950 3.758544
 93.800000 -1.061303 -3.839621 0.408600 3.709469 3.759678
 93.900000 -1.045886 -3.116850 0.350122 3.692913 3.761139
 94.000000 -1.066183 -3.979503 0.405046 3.616148 3.762425
 94.100000 -1.062600 -3.711906 0.383523 3.776926 3.763555
 94.200000 -1.074863 -4.725843 0.445980 2.711986 3.764661
 94.300000 -1.055514 -3.473029 0.373386 3.826705 3.766028
 94.400000 -1.049769 -3.230927 0.365876 3.766797 3.766994
 94.500000 -1.081180 -5.459421 0.463238 1.420219 3.768981
 94.600000 -1.057553 -3.676114 0.397493 3.798215 3.769614
 94.700000 -1.045869 -3.094563 0.339373 3.687275 3.771344
 94.800000 -1.054032 -3.406531 0.348314 3.827925 3.773121
 94.900000 -1.065781 -4.016240 0.412137 3.593801 3.773841
 95.000000 -1.071854 -4.581425 0.442463 2.936888 3.775143
 95.100000 -1.071018 -4.588180 0.443944 2.928367 3.776415
 95.200000 -1.072408 -4.627895 0.446673 2.874694 3.777973
 95.300000 -1.062074 -3.815804 0.390864 3.740840 3.780195
 95.400000 -1.068543 -4.239315 0.426718 3.376689 3.781880
 95.500000 -1.065642 -4.039430 0.415560 3.579964 3.784035
 95.600000 -1.070230 -4.502876 0.438035 3.051879 3.784949
 95.700000 -1.048352 -3.240543 0.369108 3.783677 3.786291
 95.800000 -1.054288 -3.459277 0.371666 3.848275 3.787854
 95.900000 -1.054567 -3.395798 0.363643 3.841560 3.789322
 96.000000 -1.081309 -5.480244 0.463098 1.410694 3.790858
 96.100000 -1.055765 -3.504503 0.374549 3.854067 3.791579
 96.200000 -1.069114 -4.278875 0.425348 3.342619 3.791976
 96.300000 -1.053872 -3.379537 0.366560 3.842899 3.793967
 96.400000 -1.058194 -3.651544 0.391493 3.833825 3.795319
 96.500000 -1.066651 -4.081720 0.410661 3.556591 3.796580
 96.600000 -1.065637 -4.047897 0.422082 3.588213 3.797814
 96.700000 -1.070486 -4.414590 0.430341 3.180118 3.799379
 96.800000 -1.038131 -2.858714 0.298100 3.493599 3.800581
 96.900000 -1.043954 -3.033485 0.342087 3.658005 3.802057
 97.000000 -1.067026 -4.024356 0.403186 3.613735 3.803406
 97.100000 -1.007473 -2.008570 0.137572 2.925691 3.804250
 97.200000 -1.026580 -2.508803 0.135148 3.574568 3.804218
 97.300000 -1.018663 -2.289594 0.139412 3.474824 3.804187
 97.400000 -1.020775 -2.280116 0.129705 3.471238 3.804156
 97.500000 -1.011470 -2.117197 0.144107 3.209640 3.804125
 97.600000 -1.024862 -2.541550 0.138276 3.585262 3.804094
 97.700000 -1.009979 -2.049126 0.122043 3.055960 3.804063
 97.800000 -1.017630 -2.200246 0.137789 3.378960 3.804031
 97.900000 -1.035623 -2.802536 0.145872 3.496833 3.804000
 98.000000 -1.026430 -2.495592 0.152085 3.602031 3.803969
 98.100000 -1.020435 -2.326480 0.131881 3.541670 3.803938
 98.200000 -1.028630 -2.439374 0.139389 3.600955 3.803907
 98.300000 -1.030424 -2.639255 0.160755 3.576553 3.803877
 98.400000 -1.026573 -2.552166 0.145057 3.611303 3.803846
 98.500000 -1.030615 -2.752848 0.138420 3.520368 3.803816
 98.600000 -1.027806 -2.483588 0.131660 3.625857 3.803786
 98.700000 -1.003395 -1.925437 0.132712 2.695170 3.803755
 98.800000 -1.014285 -2.227376 0.145172 3.453161 3.803726
 98.900000 -1.023257 -2.487708 0.143939 3.635840 3.803696
 99.000000 -1.029913 -2.657669 0.149453 3.588934 3.803666
 99.100000 -1.026284 -2.525892 0.148530 3.644584 3.803638
 99.200000 -1.014868 -2.188232 0.146936 3.403947 3.803609
 99.300000 -1.026831 -2.614219 0.149657 3.625296 3.803580
 99.400000 -1.021423 -2.290679 0.146662 3.550931 3.803552
 99.500000 -1.021125 -2.361673 0.157675 3.614353 3.803524
 99.600000 -1.023150 -2.409180 0.146015 3.642219 3.803496
 99.700000 -1.023756 -2.500145 0.126681 3.666246 3.803469
 99.800000 -1.035211 -2.665775 0.145523 3.609111 3.803442
 99.900000 -1.018734 -2.217903 0.128934 3.473809 3.803416
 100.000000 -1.000670 -1.840903 0.130577 2.376502 3.803388
