#! FIELDS q6l.mean fq6l dfq6l_q6l.mean
#! SET normalisation  1.000000
#! SET min_q6l.mean 0.10
#! SET max_q6l.mean 0.45
#! SET nbins_q6l.mean  700
#! SET periodic_q6l.mean false
 0.100000 0.378626 -20.567253
 0.100500 0.363730 -20.470198
 0.101000 0.350852 -20.207149
 0.101500 0.336816 -20.109990
 0.102000 0.323599 -19.954575
 0.102500 0.310557 -19.809270
 0.103000 0.297962 -19.642008
 0.103500 0.285825 -19.450935
 0.104000 0.274300 -19.211866
 0.104500 0.262928 -18.987863
 0.105000 0.251982 -18.735915
 0.105500 0.241283 -18.483022
 0.106000 0.230726 -18.245290
 0.106500 0.220396 -18.006566
 0.107000 0.210253 -17.772640
 0.107500 0.200402 -17.523267
 0.108000 0.190758 -17.273211
 0.108500 0.181358 -17.014405
 0.109000 0.172164 -16.753833
 0.109500 0.163184 -16.488504
 0.110000 0.154403 -16.221175
 0.110500 0.145813 -15.952743
 0.111000 0.137410 -15.683588
 0.111500 0.129210 -15.408633
 0.112000 0.121199 -15.130748
 0.112500 0.113355 -14.855304
 0.113000 0.105683 -14.580078
 0.113500 0.098183 -14.304097
 0.114000 0.090844 -14.029994
 0.114500 0.083670 -13.756295
 0.115000 0.076661 -13.481631
 0.115500 0.069810 -13.208044
 0.116000 0.063118 -12.934105
 0.116500 0.056582 -12.660268
 0.117000 0.050197 -12.387781
 0.117500 0.043962 -12.116251
 0.118000 0.037877 -11.845047
 0.118500 0.031938 -11.574729
 0.119000 0.026144 -11.305480
 0.119500 0.020493 -11.037455
 0.120000 0.014984 -10.770345
 0.120500 0.009615 -10.504426
 0.121000 0.004385 -10.239494
 0.121500 -0.000706 -9.975490
 0.122000 -0.005662 -9.712818
 0.122500 -0.010483 -9.451156
 0.123000 -0.015168 -9.190419
 0.123500 -0.019720 -8.930658
 0.124000 -0.024140 -8.672054
 0.124500 -0.028428 -8.414462
 0.125000 -0.032586 -8.158022
 0.125500 -0.036614 -7.902537
 0.126000 -0.040513 -7.647936
 0.126500 -0.044283 -7.394360
 0.127000 -0.047925 -7.141789
 0.127500 -0.051441 -6.890231
 0.128000 -0.054829 -6.639644
 0.128500 -0.058092 -6.390054
 0.129000 -0.061230 -6.141482
 0.129500 -0.064243 -5.893965
 0.130000 -0.067131 -5.647561
 0.130500 -0.069897 -5.402283
 0.131000 -0.072540 -5.158144
 0.131500 -0.075060 -4.915194
 0.132000 -0.077459 -4.673494
 0.132500 -0.079738 -4.433071
 0.133000 -0.081896 -4.193998
 0.133500 -0.083935 -3.956292
 0.134000 -0.085855 -3.720014
 0.134500 -0.087657 -3.485181
 0.135000 -0.089342 -3.251829
 0.135500 -0.090911 -3.019999
 0.136000 -0.092364 -2.789732
 0.136500 -0.093702 -2.561058
 0.137000 -0.094926 -2.334006
 0.137500 -0.096037 -2.108592
 0.138000 -0.097036 -1.884843
 0.138500 -0.097923 -1.662764
 0.139000 -0.098700 -1.442368
 0.139500 -0.099366 -1.223665
 0.140000 -0.099924 -1.006660
 0.140500 -0.100374 -0.791354
 0.141000 -0.100716 -0.577751
 0.141500 -0.100952 -0.365846
 0.142000 -0.101082 -0.155647
 0.142500 -0.101108 0.052852
 0.143000 -0.101030 0.259650
 0.143500 -0.100849 0.464746
 0.144000 -0.100565 0.668143
 0.144500 -0.100181 0.869833
 0.145000 -0.099696 1.069810
 0.145500 -0.099111 1.268061
 0.146000 -0.098428 1.464568
 0.146500 -0.097646 1.659311
 0.147000 -0.096768 1.852257
 0.147500 -0.095794 2.043373
 0.148000 -0.094724 2.232634
 0.148500 -0.093560 2.419989
 0.149000 -0.092303 2.605370
 0.149500 -0.090954 2.788743
 0.150000 -0.089513 2.970059
 0.150500 -0.087982 3.149243
 0.151000 -0.086361 3.326258
 0.151500 -0.084652 3.501075
 0.152000 -0.082857 3.673613
 0.152500 -0.080975 3.843863
 0.153000 -0.079008 4.011780
 0.153500 -0.076958 4.177302
 0.154000 -0.074825 4.340428
 0.154500 -0.072611 4.501178
 0.155000 -0.070316 4.659519
 0.155500 -0.067942 4.815435
 0.156000 -0.065490 4.968915
 0.156500 -0.062961 5.120007
 0.157000 -0.060356 5.268668
 0.157500 -0.057677 5.414937
 0.158000 -0.054925 5.558819
 0.158500 -0.052100 5.700148
 0.159000 -0.049203 5.839023
 0.159500 -0.046237 5.975407
 0.160000 -0.043202 6.109201
 0.160500 -0.040100 6.240185
 0.161000 -0.036931 6.368374
 0.161500 -0.033697 6.493525
 0.162000 -0.030400 6.615781
 0.162500 -0.027041 6.735149
 0.163000 -0.023620 6.851305
 0.163500 -0.020141 6.964243
 0.164000 -0.016603 7.074013
 0.164500 -0.013010 7.180856
 0.165000 -0.009362 7.284863
 0.165500 -0.005660 7.386238
 0.166000 -0.001905 7.485107
 0.166500 0.001901 7.581678
 0.167000 0.005758 7.676562
 0.167500 0.009664 7.770457
 0.168000 0.013619 7.863644
 0.168500 0.017624 7.956290
 0.169000 0.021677 8.049211
 0.169500 0.025781 8.142120
 0.170000 0.029934 8.236159
 0.170500 0.034138 8.330933
 0.171000 0.038392 8.427497
 0.171500 0.042696 8.525858
 0.172000 0.047052 8.625546
 0.172500 0.051461 8.725447
 0.173000 0.055925 8.825126
 0.173500 0.060443 8.923619
 0.174000 0.065014 9.020762
 0.174500 0.069638 9.114922
 0.175000 0.074312 9.206282
 0.175500 0.079034 9.293799
 0.176000 0.083802 9.375623
 0.176500 0.088613 9.451037
 0.177000 0.093463 9.519022
 0.177500 0.098346 9.579217
 0.178000 0.103259 9.629879
 0.178500 0.108201 9.668428
 0.179000 0.113160 9.697617
 0.179500 0.118134 9.714986
 0.180000 0.123121 9.719981
 0.180500 0.128111 9.713833
 0.181000 0.133098 9.698450
 0.181500 0.138075 9.675142
 0.182000 0.143038 9.646416
 0.182500 0.147997 9.607713
 0.183000 0.152932 9.567886
 0.183500 0.157852 9.524883
 0.184000 0.162758 9.479594
 0.184500 0.167658 9.429877
 0.185000 0.172540 9.381914
 0.185500 0.177408 9.335218
 0.186000 0.182246 9.297137
 0.186500 0.187060 9.264578
 0.187000 0.191865 9.230207
 0.187500 0.196641 9.199217
 0.188000 0.201380 9.170338
 0.188500 0.206091 9.134116
 0.189000 0.210805 9.068900
 0.189500 0.215493 8.977125
 0.190000 0.220106 8.869218
 0.190500 0.224641 8.735630
 0.191000 0.229089 8.567797
 0.191500 0.233444 8.356595
 0.192000 0.237691 8.096333
 0.192500 0.241802 7.791075
 0.193000 0.245741 7.450663
 0.193500 0.249508 7.072537
 0.194000 0.253040 6.688974
 0.194500 0.256367 6.290488
 0.195000 0.259498 5.878886
 0.195500 0.262456 5.450735
 0.196000 0.265174 5.054812
 0.196500 0.267679 4.688305
 0.197000 0.270001 4.344524
 0.197500 0.272154 4.024729
 0.198000 0.274164 3.718478
 0.198500 0.276009 3.443088
 0.199000 0.277728 3.177059
 0.199500 0.279320 2.918619
 0.200000 0.280776 2.669683
 0.200500 0.282108 2.416356
 0.201000 0.283285 2.171052
 0.201500 0.284345 1.915300
 0.202000 0.285262 1.654575
 0.202500 0.286060 1.371911
 0.203000 0.286694 1.092536
 0.203500 0.287184 0.803193
 0.204000 0.287523 0.513233
 0.204500 0.287720 0.219687
 0.205000 0.287765 -0.065312
 0.205500 0.287669 -0.344779
 0.206000 0.287434 -0.610331
 0.206500 0.287069 -0.859884
 0.207000 0.286582 -1.091661
 0.207500 0.285982 -1.306261
 0.208000 0.285279 -1.502813
 0.208500 0.284483 -1.679425
 0.209000 0.283604 -1.838595
 0.209500 0.282649 -1.977240
 0.210000 0.281629 -2.096413
 0.210500 0.280548 -2.201921
 0.211000 0.279422 -2.289086
 0.211500 0.278259 -2.357773
 0.212000 0.277066 -2.410309
 0.212500 0.275851 -2.445017
 0.213000 0.274619 -2.463900
 0.213500 0.273382 -2.466516
 0.214000 0.272150 -2.451918
 0.214500 0.270929 -2.422447
 0.215000 0.269725 -2.377352
 0.215500 0.268547 -2.320934
 0.216000 0.267400 -2.253109
 0.216500 0.266290 -2.176757
 0.217000 0.265221 -2.094594
 0.217500 0.264193 -2.010092
 0.218000 0.263206 -1.926696
 0.218500 0.262260 -1.847867
 0.219000 0.261351 -1.776997
 0.219500 0.260474 -1.716816
 0.220000 0.259626 -1.669243
 0.220500 0.258797 -1.637473
 0.221000 0.257980 -1.622542
 0.221500 0.257167 -1.624162
 0.222000 0.256348 -1.643032
 0.222500 0.255515 -1.676995
 0.223000 0.254661 -1.724958
 0.223500 0.253780 -1.783565
 0.224000 0.252868 -1.848089
 0.224500 0.251923 -1.914967
 0.225000 0.250945 -1.979933
 0.225500 0.249937 -2.038719
 0.226000 0.248901 -2.087942
 0.226500 0.247844 -2.125360
 0.227000 0.246770 -2.149997
 0.227500 0.245687 -2.160853
 0.228000 0.244602 -2.158924
 0.228500 0.243520 -2.144910
 0.229000 0.242450 -2.119858
 0.229500 0.241392 -2.087770
 0.230000 0.240352 -2.051170
 0.230500 0.239332 -2.011661
 0.231000 0.238333 -1.972979
 0.231500 0.237352 -1.938043
 0.232000 0.236387 -1.909833
 0.232500 0.235433 -1.890259
 0.233000 0.234486 -1.881807
 0.233500 0.233541 -1.884618
 0.234000 0.232592 -1.898904
 0.234500 0.231632 -1.925102
 0.235000 0.230657 -1.961961
 0.235500 0.229660 -2.008395
 0.236000 0.228639 -2.061739
 0.236500 0.227591 -2.119814
 0.237000 0.226513 -2.180830
 0.237500 0.225405 -2.241765
 0.238000 0.224267 -2.298152
 0.238500 0.223102 -2.349728
 0.239000 0.221913 -2.393778
 0.239500 0.220703 -2.429186
 0.240000 0.219479 -2.454593
 0.240500 0.218245 -2.468345
 0.241000 0.217007 -2.470795
 0.241500 0.215770 -2.462171
 0.242000 0.214539 -2.442984
 0.242500 0.213321 -2.413810
 0.243000 0.212120 -2.375136
 0.243500 0.210941 -2.328386
 0.244000 0.209786 -2.275389
 0.244500 0.208660 -2.216914
 0.245000 0.207563 -2.154608
 0.245500 0.206499 -2.089758
 0.246000 0.205467 -2.024194
 0.246500 0.204468 -1.958842
 0.247000 0.203502 -1.895332
 0.247500 0.202566 -1.834479
 0.248000 0.201660 -1.777116
 0.248500 0.200782 -1.724890
 0.249000 0.199928 -1.678799
 0.249500 0.199095 -1.639627
 0.250000 0.198280 -1.607637
 0.250500 0.197479 -1.582650
 0.251000 0.196689 -1.565411
 0.251500 0.195906 -1.555769
 0.252000 0.195127 -1.553879
 0.252500 0.194346 -1.559374
 0.253000 0.193560 -1.572130
 0.253500 0.192766 -1.591443
 0.254000 0.191961 -1.616239
 0.254500 0.191143 -1.646000
 0.255000 0.190308 -1.680127
 0.255500 0.189456 -1.717218
 0.256000 0.188585 -1.755762
 0.256500 0.187694 -1.794517
 0.257000 0.186784 -1.833023
 0.257500 0.185854 -1.870463
 0.258000 0.184906 -1.905173
 0.258500 0.183942 -1.936385
 0.259000 0.182962 -1.963614
 0.259500 0.181971 -1.986180
 0.260000 0.180968 -2.004178
 0.260500 0.179958 -2.016864
 0.261000 0.178943 -2.024421
 0.261500 0.177926 -2.027509
 0.262000 0.176908 -2.026081
 0.262500 0.175890 -2.021744
 0.263000 0.174876 -2.014766
 0.263500 0.173867 -2.006016
 0.264000 0.172861 -1.997593
 0.264500 0.171860 -1.990263
 0.265000 0.170861 -1.985495
 0.265500 0.169864 -1.984283
 0.266000 0.168866 -1.988503
 0.266500 0.167864 -1.999065
 0.267000 0.166856 -2.016388
 0.267500 0.165836 -2.041859
 0.268000 0.164801 -2.075511
 0.268500 0.163747 -2.117286
 0.269000 0.162671 -2.166712
 0.269500 0.161569 -2.223573
 0.270000 0.160436 -2.286422
 0.270500 0.159270 -2.354401
 0.271000 0.158069 -2.425494
 0.271500 0.156832 -2.498395
 0.272000 0.155559 -2.571464
 0.272500 0.154248 -2.642871
 0.273000 0.152903 -2.710888
 0.273500 0.151526 -2.773821
 0.274000 0.150119 -2.830307
 0.274500 0.148685 -2.880078
 0.275000 0.147228 -2.923155
 0.275500 0.145751 -2.958169
 0.276000 0.144259 -2.986090
 0.276500 0.142754 -3.006705
 0.277000 0.141241 -3.020938
 0.277500 0.139722 -3.028982
 0.278000 0.138201 -3.031919
 0.278500 0.136679 -3.030206
 0.279000 0.135160 -3.024979
 0.279500 0.133644 -3.016659
 0.280000 0.132133 -3.005816
 0.280500 0.130627 -2.993852
 0.281000 0.129127 -2.980691
 0.281500 0.127634 -2.967004
 0.282000 0.126147 -2.953397
 0.282500 0.124667 -2.940129
 0.283000 0.123194 -2.926783
 0.283500 0.121727 -2.913617
 0.284000 0.120268 -2.900579
 0.284500 0.118815 -2.888382
 0.285000 0.117367 -2.877084
 0.285500 0.115925 -2.866372
 0.286000 0.114488 -2.856550
 0.286500 0.113056 -2.847556
 0.287000 0.111628 -2.839947
 0.287500 0.110204 -2.833238
 0.288000 0.108782 -2.828277
 0.288500 0.107363 -2.824702
 0.289000 0.105945 -2.823181
 0.289500 0.104527 -2.823739
 0.290000 0.103108 -2.826094
 0.290500 0.101688 -2.830426
 0.291000 0.100266 -2.836456
 0.291500 0.098839 -2.844726
 0.292000 0.097407 -2.854903
 0.292500 0.095971 -2.866099
 0.293000 0.094529 -2.878063
 0.293500 0.093080 -2.890504
 0.294000 0.091626 -2.902840
 0.294500 0.090166 -2.914621
 0.295000 0.088700 -2.925201
 0.295500 0.087229 -2.934461
 0.296000 0.085754 -2.941732
 0.296500 0.084276 -2.946928
 0.297000 0.082796 -2.949685
 0.297500 0.081315 -2.949701
 0.298000 0.079836 -2.946927
 0.298500 0.078358 -2.941579
 0.299000 0.076883 -2.933978
 0.299500 0.075413 -2.924097
 0.300000 0.073948 -2.911959
 0.300500 0.072490 -2.898213
 0.301000 0.071039 -2.883327
 0.301500 0.069596 -2.867418
 0.302000 0.068161 -2.850776
 0.302500 0.066734 -2.833742
 0.303000 0.065316 -2.816498
 0.303500 0.063907 -2.799264
 0.304000 0.062506 -2.782400
 0.304500 0.061113 -2.765977
 0.305000 0.059729 -2.750180
 0.305500 0.058352 -2.735097
 0.306000 0.056983 -2.720588
 0.306500 0.055620 -2.706783
 0.307000 0.054265 -2.693740
 0.307500 0.052916 -2.681357
 0.308000 0.051574 -2.669788
 0.308500 0.050236 -2.659125
 0.309000 0.048904 -2.649301
 0.309500 0.047577 -2.640348
 0.310000 0.046254 -2.632325
 0.310500 0.044934 -2.625137
 0.311000 0.043618 -2.618739
 0.311500 0.042306 -2.612881
 0.312000 0.040996 -2.607319
 0.312500 0.039689 -2.602286
 0.313000 0.038385 -2.597446
 0.313500 0.037083 -2.592511
 0.314000 0.035783 -2.587322
 0.314500 0.034486 -2.581690
 0.315000 0.033193 -2.575278
 0.315500 0.031902 -2.567901
 0.316000 0.030616 -2.559392
 0.316500 0.029334 -2.549581
 0.317000 0.028058 -2.538333
 0.317500 0.026787 -2.525548
 0.318000 0.025524 -2.511222
 0.318500 0.024268 -2.495403
 0.319000 0.023020 -2.478218
 0.319500 0.021781 -2.459686
 0.320000 0.020551 -2.440016
 0.320500 0.019332 -2.419406
 0.321000 0.018123 -2.398139
 0.321500 0.016926 -2.376426
 0.322000 0.015739 -2.354653
 0.322500 0.014563 -2.333138
 0.323000 0.013397 -2.312211
 0.323500 0.012242 -2.292112
 0.324000 0.011097 -2.273145
 0.324500 0.009961 -2.255655
 0.325000 0.008833 -2.239743
 0.325500 0.007712 -2.225729
 0.326000 0.006599 -2.213580
 0.326500 0.005490 -2.203485
 0.327000 0.004387 -2.195359
 0.327500 0.003286 -2.189216
 0.328000 0.002189 -2.184931
 0.328500 0.001093 -2.182210
 0.329000 -0.000002 -2.180858
 0.329500 -0.001096 -2.180667
 0.330000 -0.002190 -2.181342
 0.330500 -0.003285 -2.182642
 0.331000 -0.004381 -2.184204
 0.331500 -0.005478 -2.185838
 0.332000 -0.006575 -2.187273
 0.332500 -0.007673 -2.188344
 0.333000 -0.008771 -2.188929
 0.333500 -0.009870 -2.188846
 0.334000 -0.010968 -2.188066
 0.334500 -0.012065 -2.186497
 0.335000 -0.013162 -2.184238
 0.335500 -0.014257 -2.181384
 0.336000 -0.015351 -2.178054
 0.336500 -0.016443 -2.174322
 0.337000 -0.017533 -2.170338
 0.337500 -0.018621 -2.166268
 0.338000 -0.019707 -2.162192
 0.338500 -0.020791 -2.158227
 0.339000 -0.021873 -2.154503
 0.339500 -0.022953 -2.151044
 0.340000 -0.024032 -2.147823
 0.340500 -0.025109 -2.144913
 0.341000 -0.026184 -2.142273
 0.341500 -0.027259 -2.139883
 0.342000 -0.028332 -2.137658
 0.342500 -0.029404 -2.135466
 0.343000 -0.030475 -2.133259
 0.343500 -0.031545 -2.131006
 0.344000 -0.032613 -2.128625
 0.344500 -0.033681 -2.126069
 0.345000 -0.034746 -2.123308
 0.345500 -0.035811 -2.120299
 0.346000 -0.036874 -2.117018
 0.346500 -0.037935 -2.113429
 0.347000 -0.038994 -2.109518
 0.347500 -0.040051 -2.105243
 0.348000 -0.041106 -2.100576
 0.348500 -0.042158 -2.095496
 0.349000 -0.043208 -2.090001
 0.349500 -0.044254 -2.083987
 0.350000 -0.045298 -2.077364
 0.350500 -0.046338 -2.070034
 0.351000 -0.047374 -2.061906
 0.351500 -0.048405 -2.052837
 0.352000 -0.049432 -2.042716
 0.352500 -0.050453 -2.031411
 0.353000 -0.051469 -2.018799
 0.353500 -0.052477 -2.004729
 0.354000 -0.053478 -1.989082
 0.354500 -0.054471 -1.971744
 0.355000 -0.055455 -1.952632
 0.355500 -0.056428 -1.931645
 0.356000 -0.057391 -1.908790
 0.356500 -0.058341 -1.884042
 0.357000 -0.059279 -1.857403
 0.357500 -0.060202 -1.828901
 0.358000 -0.061111 -1.798604
 0.358500 -0.062005 -1.766587
 0.359000 -0.062881 -1.732962
 0.359500 -0.063741 -1.697838
 0.360000 -0.064582 -1.661280
 0.360500 -0.065405 -1.623390
 0.361000 -0.066209 -1.584283
 0.361500 -0.066992 -1.544044
 0.362000 -0.067755 -1.502763
 0.362500 -0.068497 -1.460479
 0.363000 -0.069218 -1.417252
 0.363500 -0.069916 -1.373078
 0.364000 -0.070593 -1.327992
 0.364500 -0.071246 -1.281932
 0.365000 -0.071876 -1.234872
 0.365500 -0.072482 -1.186771
 0.366000 -0.073064 -1.137561
 0.366500 -0.073621 -1.087165
 0.367000 -0.074152 -1.035503
 0.367500 -0.074657 -0.982481
 0.368000 -0.075135 -0.928040
 0.368500 -0.075586 -0.872063
 0.369000 -0.076008 -0.814475
 0.369500 -0.076400 -0.755206
 0.370000 -0.076763 -0.694199
 0.370500 -0.077094 -0.631413
 0.371000 -0.077394 -0.566797
 0.371500 -0.077661 -0.500357
 0.372000 -0.077894 -0.432096
 0.372500 -0.078092 -0.362038
 0.373000 -0.078255 -0.290212
 0.373500 -0.078381 -0.216672
 0.374000 -0.078471 -0.141502
 0.374500 -0.078522 -0.064774
 0.375000 -0.078534 0.013409
 0.375500 -0.078507 0.092942
 0.376000 -0.078440 0.173729
 0.376500 -0.078332 0.255674
 0.377000 -0.078182 0.338654
 0.377500 -0.077991 0.422580
 0.378000 -0.077758 0.507367
 0.378500 -0.077482 0.592949
 0.379000 -0.077162 0.679290
 0.379500 -0.076800 0.766344
 0.380000 -0.076393 0.854097
 0.380500 -0.075943 0.942559
 0.381000 -0.075448 1.031763
 0.381500 -0.074908 1.121752
 0.382000 -0.074323 1.212590
 0.382500 -0.073692 1.304347
 0.383000 -0.073015 1.397108
 0.383500 -0.072291 1.490952
 0.384000 -0.071520 1.585966
 0.384500 -0.070701 1.682215
 0.385000 -0.069834 1.779769
 0.385500 -0.068917 1.878685
 0.386000 -0.067950 1.979029
 0.386500 -0.066932 2.080821
 0.387000 -0.065864 2.184097
 0.387500 -0.064743 2.288852
 0.388000 -0.063569 2.395081
 0.388500 -0.062341 2.502760
 0.389000 -0.061059 2.611876
 0.389500 -0.059722 2.722387
 0.390000 -0.058330 2.834279
 0.390500 -0.056880 2.947514
 0.391000 -0.055374 3.062070
 0.391500 -0.053809 3.177893
 0.392000 -0.052187 3.294988
 0.392500 -0.050505 3.413228
 0.393000 -0.048763 3.532609
 0.393500 -0.046962 3.653113
 0.394000 -0.045099 3.774713
 0.394500 -0.043175 3.897364
 0.395000 -0.041189 4.021060
 0.395500 -0.039140 4.145727
 0.396000 -0.037028 4.271339
 0.396500 -0.034853 4.397945
 0.397000 -0.032614 4.525572
 0.397500 -0.030311 4.654124
 0.398000 -0.027942 4.783568
 0.398500 -0.025508 4.913892
 0.399000 -0.023009 5.045078
 0.399500 -0.020442 5.177133
 0.400000 -0.017809 5.310079
 0.400500 -0.015108 5.443768
 0.401000 -0.012340 5.578416
 0.401500 -0.009503 5.713856
 0.402000 -0.006597 5.850125
 0.402500 -0.003621 5.987227
 0.403000 -0.000576 6.125140
 0.403500 0.002539 6.263895
 0.404000 0.005726 6.403431
 0.404500 0.008984 6.543614
 0.405000 0.012313 6.684819
 0.405500 0.015715 6.827038
 0.406000 0.019189 6.970208
 0.406500 0.022736 7.114055
 0.407000 0.026358 7.258702
 0.407500 0.030054 7.404338
 0.408000 0.033825 7.550728
 0.408500 0.037672 7.698125
 0.409000 0.041595 7.846588
 0.409500 0.045596 7.996199
 0.410000 0.049674 8.146945
 0.410500 0.053831 8.298565
 0.411000 0.058068 8.451756
 0.411500 0.062385 8.606205
 0.412000 0.066783 8.762524
 0.412500 0.071262 8.920508
 0.413000 0.075825 9.080152
 0.413500 0.080472 9.241433
 0.414000 0.085205 9.404662
 0.414500 0.090023 9.569581
 0.415000 0.094931 9.735740
 0.415500 0.099928 9.903229
 0.416000 0.105016 10.071651
 0.416500 0.110194 10.242102
 0.417000 0.115465 10.413339
 0.417500 0.120831 10.585637
 0.418000 0.126290 10.759102
 0.418500 0.131842 10.934210
 0.419000 0.137493 11.109458
 0.419500 0.143243 11.284541
 0.420000 0.149087 11.461704
 0.420500 0.155031 11.638606
 0.421000 0.161078 11.814758
 0.421500 0.167223 11.991968
 0.422000 0.173472 12.167996
 0.422500 0.179816 12.346434
 0.423000 0.186269 12.522984
 0.423500 0.192828 12.698133
 0.424000 0.199487 12.874282
 0.424500 0.206261 13.047048
 0.425000 0.213141 13.219079
 0.425500 0.220123 13.392150
 0.426000 0.227221 13.562039
 0.426500 0.234431 13.730164
 0.427000 0.241758 13.895265
 0.427500 0.249190 14.061454
 0.428000 0.256748 14.222513
 0.428500 0.264398 14.388640
 0.429000 0.272160 14.554527
 0.429500 0.280057 14.714163
 0.430000 0.288064 14.874230
 0.430500 0.296157 15.042119
 0.431000 0.304396 15.201870
 0.431500 0.312739 15.365103
 0.432000 0.321208 15.526324
 0.432500 0.329835 15.678109
 0.433000 0.338553 15.836929
 0.433500 0.347405 15.993035
 0.434000 0.356382 16.148949
 0.434500 0.365524 16.296162
 0.435000 0.374795 16.442777
 0.435500 0.384235 16.580637
 0.436000 0.393799 16.719511
 0.436500 0.403429 16.872581
 0.437000 0.413213 17.022210
 0.437500 0.423158 17.168048
 0.438000 0.433154 17.330953
 0.438500 0.443338 17.486640
 0.439000 0.453770 17.624574
 0.439500 0.464399 17.752935
 0.440000 0.475107 17.893438
 0.440500 0.486051 18.019596
 0.441000 0.497046 18.162984
 0.441500 0.508257 18.297150
 0.442000 0.519681 18.423731
 0.442500 0.531309 18.544360
 0.443000 0.543115 18.662809
 0.443500 0.555145 18.773715
 0.444000 0.567279 18.893969
 0.444500 0.579473 19.032630
 0.445000 0.592208 19.122880
 0.445500 0.604668 19.273870
 0.446000 0.617276 19.435322
 0.446500 0.630519 19.546981
 0.447000 0.643908 19.664712
 0.447500 0.657466 19.787410
 0.448000 0.671706 19.857039
 0.448500 0.685935 19.945195
 0.449000 0.700648 20.002915
 0.449500 0.715612 20.048101
 0.450000 0.730811 20.081541
