#! FIELDS sp fsp dfsp_sp
#! SET normalisation  1.000000
#! SET min_sp -4.5
#! SET max_sp -2.0
#! SET nbins_sp  500
#! SET periodic_sp false
 -4.500000 0.740162 -1.257950
 -4.495000 0.733572 -1.253905
 -4.490000 0.727001 -1.250034
 -4.485000 0.720461 -1.245905
 -4.480000 0.713943 -1.241868
 -4.475000 0.707447 -1.237855
 -4.470000 0.700976 -1.233849
 -4.465000 0.694525 -1.229992
 -4.460000 0.688103 -1.225963
 -4.455000 0.681700 -1.222083
 -4.450000 0.675324 -1.218157
 -4.445000 0.668974 -1.214105
 -4.440000 0.662646 -1.210150
 -4.435000 0.656342 -1.206190
 -4.430000 0.650059 -1.202317
 -4.425000 0.643802 -1.198343
 -4.420000 0.637569 -1.194359
 -4.415000 0.631362 -1.190251
 -4.410000 0.625180 -1.186111
 -4.405000 0.619022 -1.181963
 -4.400000 0.612888 -1.177760
 -4.395000 0.606781 -1.173439
 -4.390000 0.600697 -1.169136
 -4.385000 0.594640 -1.164743
 -4.380000 0.588608 -1.160305
 -4.375000 0.582601 -1.155842
 -4.370000 0.576625 -1.151181
 -4.365000 0.570671 -1.146623
 -4.360000 0.564744 -1.141994
 -4.355000 0.558842 -1.137418
 -4.350000 0.552961 -1.133016
 -4.345000 0.547107 -1.128557
 -4.340000 0.541278 -1.124163
 -4.335000 0.535473 -1.119802
 -4.330000 0.529693 -1.115537
 -4.325000 0.523938 -1.111271
 -4.320000 0.518208 -1.107008
 -4.315000 0.512503 -1.102794
 -4.310000 0.506819 -1.098705
 -4.305000 0.501161 -1.094572
 -4.300000 0.495528 -1.090394
 -4.295000 0.489917 -1.086301
 -4.290000 0.484330 -1.082160
 -4.285000 0.478764 -1.078124
 -4.280000 0.473222 -1.074038
 -4.275000 0.467704 -1.069925
 -4.270000 0.462208 -1.065812
 -4.265000 0.456737 -1.061616
 -4.260000 0.451290 -1.057309
 -4.255000 0.445868 -1.052955
 -4.250000 0.440473 -1.048427
 -4.245000 0.435103 -1.043833
 -4.240000 0.429755 -1.039276
 -4.235000 0.424435 -1.034570
 -4.230000 0.419144 -1.029688
 -4.225000 0.413880 -1.024690
 -4.220000 0.408645 -1.019554
 -4.215000 0.403439 -1.014342
 -4.210000 0.398262 -1.008992
 -4.205000 0.393115 -1.003539
 -4.200000 0.387998 -0.997999
 -4.195000 0.382911 -0.992379
 -4.190000 0.377854 -0.986723
 -4.185000 0.372827 -0.981028
 -4.180000 0.367832 -0.975244
 -4.175000 0.362867 -0.969481
 -4.170000 0.357935 -0.963635
 -4.165000 0.353032 -0.957803
 -4.160000 0.348162 -0.951945
 -4.155000 0.343324 -0.946034
 -4.150000 0.338517 -0.940144
 -4.145000 0.333740 -0.934343
 -4.140000 0.328994 -0.928562
 -4.135000 0.324279 -0.922807
 -4.130000 0.319595 -0.917119
 -4.125000 0.314940 -0.911474
 -4.120000 0.310316 -0.905859
 -4.115000 0.305722 -0.900310
 -4.110000 0.301157 -0.894810
 -4.105000 0.296621 -0.889384
 -4.100000 0.292113 -0.884020
 -4.095000 0.287636 -0.878613
 -4.090000 0.283188 -0.873194
 -4.085000 0.278768 -0.867796
 -4.080000 0.274377 -0.862388
 -4.075000 0.270014 -0.856994
 -4.070000 0.265680 -0.851550
 -4.065000 0.261374 -0.846109
 -4.060000 0.257097 -0.840619
 -4.055000 0.252851 -0.834999
 -4.050000 0.248634 -0.829346
 -4.045000 0.244446 -0.823648
 -4.040000 0.240289 -0.817834
 -4.035000 0.236163 -0.811904
 -4.030000 0.232069 -0.805891
 -4.025000 0.228006 -0.799796
 -4.020000 0.223975 -0.793626
 -4.015000 0.219977 -0.787352
 -4.010000 0.216011 -0.781007
 -4.005000 0.212078 -0.774603
 -4.000000 0.208179 -0.768133
 -3.995000 0.204314 -0.761619
 -3.990000 0.200482 -0.755059
 -3.985000 0.196684 -0.748480
 -3.980000 0.192921 -0.741868
 -3.975000 0.189190 -0.735284
 -3.970000 0.185495 -0.728669
 -3.965000 0.181833 -0.722040
 -3.960000 0.178206 -0.715413
 -3.955000 0.174613 -0.708788
 -3.950000 0.171055 -0.702156
 -3.945000 0.167530 -0.695537
 -3.940000 0.164040 -0.688915
 -3.935000 0.160584 -0.682311
 -3.930000 0.157161 -0.675719
 -3.925000 0.153772 -0.669137
 -3.920000 0.150417 -0.662565
 -3.915000 0.147095 -0.655985
 -3.910000 0.143807 -0.649423
 -3.905000 0.140553 -0.642846
 -3.900000 0.137332 -0.636252
 -3.895000 0.134145 -0.629651
 -3.890000 0.130992 -0.623017
 -3.885000 0.127873 -0.616369
 -3.880000 0.124788 -0.609681
 -3.875000 0.121738 -0.602968
 -3.870000 0.118721 -0.596221
 -3.865000 0.115739 -0.589444
 -3.860000 0.112792 -0.582629
 -3.855000 0.109879 -0.575768
 -3.850000 0.107001 -0.568872
 -3.845000 0.104159 -0.561939
 -3.840000 0.101352 -0.554964
 -3.835000 0.098580 -0.547954
 -3.830000 0.095845 -0.540910
 -3.825000 0.093145 -0.533828
 -3.820000 0.090480 -0.526728
 -3.815000 0.087852 -0.519596
 -3.810000 0.085260 -0.512447
 -3.805000 0.082704 -0.505264
 -3.800000 0.080184 -0.498059
 -3.795000 0.077701 -0.490831
 -3.790000 0.075255 -0.483580
 -3.785000 0.072845 -0.476296
 -3.780000 0.070472 -0.468994
 -3.775000 0.068137 -0.461670
 -3.770000 0.065838 -0.454326
 -3.765000 0.063576 -0.446972
 -3.760000 0.061351 -0.439608
 -3.755000 0.059164 -0.432242
 -3.750000 0.057013 -0.424875
 -3.745000 0.054900 -0.417511
 -3.740000 0.052824 -0.410154
 -3.735000 0.050785 -0.402809
 -3.730000 0.048783 -0.395479
 -3.725000 0.046817 -0.388166
 -3.720000 0.044889 -0.380874
 -3.715000 0.042997 -0.373613
 -3.710000 0.041141 -0.366375
 -3.705000 0.039322 -0.359161
 -3.700000 0.037539 -0.351975
 -3.695000 0.035793 -0.344806
 -3.690000 0.034082 -0.337651
 -3.685000 0.032407 -0.330502
 -3.680000 0.030768 -0.323358
 -3.675000 0.029165 -0.316214
 -3.670000 0.027598 -0.309066
 -3.665000 0.026067 -0.301906
 -3.660000 0.024572 -0.294731
 -3.655000 0.023113 -0.287535
 -3.650000 0.021690 -0.280317
 -3.645000 0.020303 -0.273075
 -3.640000 0.018953 -0.265807
 -3.635000 0.017639 -0.258511
 -3.630000 0.016362 -0.251191
 -3.625000 0.015122 -0.243848
 -3.620000 0.013919 -0.236489
 -3.615000 0.012752 -0.229114
 -3.610000 0.011623 -0.221727
 -3.605000 0.010530 -0.214336
 -3.600000 0.009475 -0.206945
 -3.595000 0.008457 -0.199558
 -3.590000 0.007476 -0.192183
 -3.585000 0.006531 -0.184822
 -3.580000 0.005624 -0.177482
 -3.575000 0.004753 -0.170168
 -3.570000 0.003919 -0.162884
 -3.565000 0.003121 -0.155636
 -3.560000 0.002360 -0.148426
 -3.555000 0.001634 -0.141259
 -3.550000 0.000945 -0.134137
 -3.545000 0.000291 -0.127067
 -3.540000 -0.000328 -0.120048
 -3.535000 -0.000912 -0.113082
 -3.530000 -0.001461 -0.106175
 -3.525000 -0.001976 -0.099330
 -3.520000 -0.002456 -0.092550
 -3.515000 -0.002903 -0.085837
 -3.510000 -0.003316 -0.079194
 -3.505000 -0.003696 -0.072622
 -3.500000 -0.004044 -0.066127
 -3.495000 -0.004359 -0.059708
 -3.490000 -0.004642 -0.053369
 -3.485000 -0.004893 -0.047113
 -3.480000 -0.005114 -0.040942
 -3.475000 -0.005303 -0.034856
 -3.470000 -0.005463 -0.028859
 -3.465000 -0.005592 -0.022951
 -3.460000 -0.005693 -0.017133
 -3.455000 -0.005764 -0.011407
 -3.450000 -0.005807 -0.005772
 -3.445000 -0.005822 -0.000228
 -3.440000 -0.005809 0.005229
 -3.435000 -0.005769 0.010596
 -3.430000 -0.005702 0.015877
 -3.425000 -0.005609 0.021073
 -3.420000 -0.005491 0.026190
 -3.415000 -0.005347 0.031225
 -3.410000 -0.005177 0.036185
 -3.405000 -0.004984 0.041073
 -3.400000 -0.004765 0.045892
 -3.395000 -0.004523 0.050648
 -3.390000 -0.004257 0.055345
 -3.385000 -0.003968 0.059993
 -3.380000 -0.003655 0.064596
 -3.375000 -0.003319 0.069163
 -3.370000 -0.002961 0.073701
 -3.365000 -0.002580 0.078221
 -3.360000 -0.002176 0.082730
 -3.355000 -0.001750 0.087240
 -3.350000 -0.001301 0.091756
 -3.345000 -0.000829 0.096294
 -3.340000 -0.000334 0.100862
 -3.335000 0.000184 0.105467
 -3.330000 0.000724 0.110123
 -3.325000 0.001289 0.114836
 -3.320000 0.001877 0.119614
 -3.315000 0.002489 0.124459
 -3.310000 0.003126 0.129377
 -3.305000 0.003788 0.134369
 -3.300000 0.004475 0.139440
 -3.295000 0.005187 0.144587
 -3.290000 0.005926 0.149811
 -3.285000 0.006691 0.155108
 -3.280000 0.007483 0.160475
 -3.275000 0.008302 0.165909
 -3.270000 0.009148 0.171407
 -3.265000 0.010022 0.176959
 -3.260000 0.010924 0.182564
 -3.255000 0.011854 0.188209
 -3.250000 0.012813 0.193892
 -3.245000 0.013800 0.199610
 -3.240000 0.014816 0.205351
 -3.235000 0.015861 0.211114
 -3.230000 0.016935 0.216894
 -3.225000 0.018038 0.222685
 -3.220000 0.019170 0.228487
 -3.215000 0.020331 0.234295
 -3.210000 0.021521 0.240106
 -3.205000 0.022741 0.245923
 -3.200000 0.023989 0.251741
 -3.195000 0.025267 0.257566
 -3.190000 0.026575 0.263400
 -3.185000 0.027911 0.269244
 -3.180000 0.029277 0.275100
 -3.175000 0.030673 0.280976
 -3.170000 0.032098 0.286880
 -3.165000 0.033553 0.292810
 -3.160000 0.035037 0.298763
 -3.155000 0.036552 0.304754
 -3.150000 0.038097 0.310786
 -3.145000 0.039673 0.316864
 -3.140000 0.041279 0.322996
 -3.135000 0.042917 0.329174
 -3.130000 0.044585 0.335410
 -3.125000 0.046285 0.341707
 -3.120000 0.048017 0.348058
 -3.115000 0.049781 0.354463
 -3.110000 0.051578 0.360932
 -3.105000 0.053407 0.367454
 -3.100000 0.055269 0.374024
 -3.095000 0.057165 0.380646
 -3.090000 0.059094 0.387307
 -3.085000 0.061057 0.394012
 -3.080000 0.063053 0.400749
 -3.075000 0.065084 0.407520
 -3.070000 0.067149 0.414315
 -3.065000 0.069248 0.421123
 -3.060000 0.071382 0.427942
 -3.055000 0.073550 0.434772
 -3.050000 0.075753 0.441588
 -3.045000 0.077990 0.448401
 -3.040000 0.080262 0.455190
 -3.035000 0.082568 0.461962
 -3.030000 0.084908 0.468692
 -3.025000 0.087282 0.475377
 -3.020000 0.089689 0.482004
 -3.015000 0.092130 0.488550
 -3.010000 0.094604 0.494985
 -3.005000 0.097110 0.501295
 -3.000000 0.099648 0.507442
 -2.995000 0.102217 0.513389
 -2.990000 0.104815 0.519096
 -2.985000 0.107442 0.524487
 -2.980000 0.110096 0.529512
 -2.975000 0.112773 0.534066
 -2.970000 0.115473 0.538017
 -2.965000 0.118190 0.541246
 -2.960000 0.120922 0.543549
 -2.955000 0.123663 0.544663
 -2.950000 0.126406 0.544279
 -2.945000 0.129142 0.542040
 -2.940000 0.131862 0.537435
 -2.935000 0.134551 0.529909
 -2.930000 0.137193 0.518679
 -2.925000 0.139767 0.502918
 -2.920000 0.142247 0.481647
 -2.915000 0.144604 0.453725
 -2.910000 0.146800 0.417997
 -2.905000 0.148792 0.373361
 -2.900000 0.150532 0.318905
 -2.895000 0.151970 0.254047
 -2.890000 0.153054 0.178826
 -2.885000 0.153731 0.094106
 -2.880000 0.153959 0.001731
 -2.875000 0.153705 -0.095622
 -2.870000 0.152954 -0.194692
 -2.865000 0.151704 -0.291942
 -2.860000 0.149974 -0.384040
 -2.855000 0.147799 -0.468236
 -2.850000 0.145224 -0.542677
 -2.845000 0.142301 -0.606401
 -2.840000 0.139085 -0.659323
 -2.835000 0.135629 -0.701925
 -2.830000 0.131984 -0.735168
 -2.825000 0.128195 -0.760155
 -2.820000 0.124299 -0.778106
 -2.815000 0.120331 -0.790161
 -2.810000 0.116315 -0.797381
 -2.805000 0.112276 -0.800636
 -2.800000 0.108231 -0.800688
 -2.795000 0.104194 -0.798145
 -2.790000 0.100178 -0.793535
 -2.785000 0.096191 -0.787281
 -2.780000 0.092241 -0.779699
 -2.775000 0.088333 -0.771044
 -2.770000 0.084473 -0.761527
 -2.765000 0.080664 -0.751316
 -2.760000 0.076909 -0.740548
 -2.755000 0.073211 -0.729302
 -2.750000 0.069571 -0.717649
 -2.745000 0.065993 -0.705661
 -2.740000 0.062476 -0.693381
 -2.735000 0.059023 -0.680843
 -2.730000 0.055635 -0.668090
 -2.725000 0.052311 -0.655143
 -2.720000 0.049054 -0.642015
 -2.715000 0.045864 -0.628726
 -2.710000 0.042743 -0.615273
 -2.705000 0.039689 -0.601680
 -2.700000 0.036705 -0.587962
 -2.695000 0.033791 -0.574114
 -2.690000 0.030946 -0.560156
 -2.685000 0.028173 -0.546091
 -2.680000 0.025471 -0.531931
 -2.675000 0.022840 -0.517681
 -2.670000 0.020281 -0.503344
 -2.665000 0.017795 -0.488927
 -2.660000 0.015382 -0.474437
 -2.655000 0.013041 -0.459882
 -2.650000 0.010774 -0.445264
 -2.645000 0.008581 -0.430592
 -2.640000 0.006461 -0.415867
 -2.635000 0.004416 -0.401095
 -2.630000 0.002444 -0.386280
 -2.625000 0.000547 -0.371424
 -2.620000 -0.001275 -0.356530
 -2.615000 -0.003022 -0.341599
 -2.610000 -0.004695 -0.326631
 -2.605000 -0.006292 -0.311629
 -2.600000 -0.007814 -0.296591
 -2.595000 -0.009261 -0.281518
 -2.590000 -0.010632 -0.266410
 -2.585000 -0.011927 -0.251265
 -2.580000 -0.013146 -0.236082
 -2.575000 -0.014290 -0.220863
 -2.570000 -0.015357 -0.205605
 -2.565000 -0.016347 -0.190308
 -2.560000 -0.017261 -0.174972
 -2.555000 -0.018098 -0.159597
 -2.550000 -0.018858 -0.144182
 -2.545000 -0.019540 -0.128728
 -2.540000 -0.020145 -0.113234
 -2.535000 -0.020673 -0.097701
 -2.530000 -0.021123 -0.082128
 -2.525000 -0.021494 -0.066515
 -2.520000 -0.021788 -0.050862
 -2.515000 -0.022003 -0.035167
 -2.510000 -0.022139 -0.019431
 -2.505000 -0.022197 -0.003651
 -2.500000 -0.022175 0.012174
 -2.495000 -0.022075 0.028048
 -2.490000 -0.021894 0.043973
 -2.485000 -0.021634 0.059953
 -2.480000 -0.021294 0.075993
 -2.475000 -0.020873 0.092096
 -2.470000 -0.020372 0.108268
 -2.465000 -0.019789 0.124514
 -2.460000 -0.019125 0.140838
 -2.455000 -0.018379 0.157247
 -2.450000 -0.017551 0.173744
 -2.445000 -0.016640 0.190334
 -2.440000 -0.015645 0.207022
 -2.435000 -0.014567 0.223812
 -2.430000 -0.013404 0.240706
 -2.425000 -0.012157 0.257706
 -2.420000 -0.010824 0.274812
 -2.415000 -0.009405 0.292025
 -2.410000 -0.007900 0.309345
 -2.405000 -0.006307 0.326767
 -2.400000 -0.004627 0.344290
 -2.395000 -0.002859 0.361909
 -2.390000 -0.001002 0.379621
 -2.385000 0.000944 0.397422
 -2.380000 0.002980 0.415305
 -2.375000 0.005105 0.433264
 -2.370000 0.007322 0.451295
 -2.365000 0.009628 0.469387
 -2.360000 0.012026 0.487536
 -2.355000 0.014516 0.505740
 -2.350000 0.017097 0.523993
 -2.345000 0.019771 0.542297
 -2.340000 0.022536 0.560641
 -2.335000 0.025395 0.579018
 -2.330000 0.028346 0.597440
 -2.325000 0.031391 0.615890
 -2.320000 0.034529 0.634376
 -2.315000 0.037761 0.652889
 -2.310000 0.041087 0.671433
 -2.305000 0.044508 0.690015
 -2.300000 0.048023 0.708635
 -2.295000 0.051633 0.727290
 -2.290000 0.055338 0.745972
 -2.285000 0.059139 0.764687
 -2.280000 0.063036 0.783428
 -2.275000 0.067029 0.802208
 -2.270000 0.071120 0.821003
 -2.265000 0.075308 0.839806
 -2.260000 0.079593 0.858631
 -2.255000 0.083976 0.877475
 -2.250000 0.088458 0.896315
 -2.245000 0.093039 0.915163
 -2.240000 0.097718 0.934016
 -2.235000 0.102498 0.952848
 -2.230000 0.107376 0.971688
 -2.225000 0.112356 0.990485
 -2.220000 0.117436 1.009295
 -2.215000 0.122617 1.028086
 -2.210000 0.127900 1.046820
 -2.205000 0.133284 1.065552
 -2.200000 0.138772 1.084224
 -2.195000 0.144361 1.102883
 -2.190000 0.150056 1.121465
 -2.185000 0.155853 1.140055
 -2.180000 0.161755 1.158589
 -2.175000 0.167762 1.177114
 -2.170000 0.173875 1.195592
 -2.165000 0.180096 1.214016
 -2.160000 0.186421 1.232484
 -2.155000 0.192857 1.250836
 -2.150000 0.199404 1.269048
 -2.145000 0.206063 1.287172
 -2.140000 0.212833 1.305231
 -2.135000 0.219718 1.323155
 -2.130000 0.226711 1.341153
 -2.125000 0.233820 1.359014
 -2.120000 0.241043 1.376825
 -2.115000 0.248382 1.394548
 -2.110000 0.255830 1.412431
 -2.105000 0.263399 1.430117
 -2.100000 0.271088 1.447669
 -2.095000 0.278898 1.465079
 -2.090000 0.286839 1.482110
 -2.085000 0.294898 1.499101
 -2.080000 0.303083 1.515851
 -2.075000 0.311386 1.532635
 -2.070000 0.319815 1.549214
 -2.065000 0.328380 1.565410
 -2.060000 0.337074 1.581362
 -2.055000 0.345906 1.596910
 -2.050000 0.354871 1.612174
 -2.045000 0.363993 1.626621
 -2.040000 0.373238 1.641049
 -2.035000 0.382590 1.655785
 -2.030000 0.392097 1.669913
 -2.025000 0.401730 1.683984
 -2.020000 0.411485 1.698166
 -2.015000 0.421386 1.712001
 -2.010000 0.431418 1.725782
 -2.005000 0.441623 1.738757
 -2.000000 0.451968 1.751514
