#! FIELDS sp uhsp duhsp_sp
#! SET normalisation  50000000.000000
#! SET min_sp -4.5
#! SET max_sp -2.0
#! SET nbins_sp  500
#! SET periodic_sp false
 -4.500000 0.256447 0.236534
 -4.495000 0.182326 0.250520
 -4.490000 0.183601 0.265479
 -4.485000 0.184959 0.278312
 -4.480000 0.186381 0.290119
 -4.475000 0.187860 0.301147
 -4.470000 0.189393 0.311446
 -4.465000 0.190976 0.321065
 -4.460000 0.192605 0.330077
 -4.455000 0.194278 0.338558
 -4.450000 0.195993 0.346621
 -4.445000 0.197747 0.354349
 -4.440000 0.199539 0.361833
 -4.435000 0.201368 0.369169
 -4.430000 0.203233 0.376477
 -4.425000 0.205136 0.383841
 -4.420000 0.207076 0.391337
 -4.415000 0.209053 0.399014
 -4.410000 0.211070 0.406918
 -4.405000 0.213126 0.415079
 -4.400000 0.215225 0.423473
 -4.395000 0.217365 0.432053
 -4.390000 0.219549 0.440751
 -4.385000 0.221776 0.449480
 -4.380000 0.224047 0.458114
 -4.375000 0.226360 0.466494
 -4.370000 0.228715 0.474445
 -4.365000 0.231108 0.481790
 -4.360000 0.233535 0.488314
 -4.355000 0.235993 0.493808
 -4.350000 0.238475 0.498054
 -4.345000 0.240974 0.500859
 -4.340000 0.243484 0.502020
 -4.335000 0.245995 0.501361
 -4.330000 0.248497 0.498724
 -4.325000 0.250982 0.494008
 -4.320000 0.253438 0.487133
 -4.315000 0.255853 0.478067
 -4.310000 0.258218 0.466818
 -4.305000 0.260521 0.453443
 -4.300000 0.262752 0.438043
 -4.295000 0.264901 0.420762
 -4.290000 0.266960 0.401808
 -4.285000 0.268920 0.381420
 -4.280000 0.270775 0.359871
 -4.275000 0.272520 0.337469
 -4.270000 0.274152 0.314564
 -4.265000 0.275668 0.291488
 -4.260000 0.277070 0.268598
 -4.255000 0.278358 0.246262
 -4.250000 0.279537 0.224826
 -4.245000 0.280612 0.204638
 -4.240000 0.281589 0.185991
 -4.235000 0.282478 0.169178
 -4.230000 0.283287 0.154446
 -4.225000 0.284029 0.141994
 -4.220000 0.284714 0.131996
 -4.215000 0.285356 0.124569
 -4.210000 0.285968 0.119784
 -4.205000 0.286562 0.117664
 -4.200000 0.287152 0.118182
 -4.195000 0.287751 0.121270
 -4.190000 0.288372 0.126810
 -4.185000 0.289026 0.134656
 -4.180000 0.289725 0.144652
 -4.175000 0.290478 0.156594
 -4.170000 0.291296 0.170262
 -4.165000 0.292186 0.185420
 -4.160000 0.293155 0.201824
 -4.155000 0.294208 0.219226
 -4.150000 0.295350 0.237380
 -4.145000 0.296585 0.256064
 -4.140000 0.297913 0.275045
 -4.135000 0.299337 0.294092
 -4.130000 0.300855 0.313029
 -4.125000 0.302468 0.331661
 -4.120000 0.304172 0.349822
 -4.115000 0.305966 0.367369
 -4.110000 0.307845 0.384184
 -4.105000 0.309806 0.400143
 -4.100000 0.311844 0.415128
 -4.095000 0.313955 0.429068
 -4.090000 0.316133 0.441911
 -4.085000 0.318372 0.453635
 -4.080000 0.320667 0.464180
 -4.075000 0.323012 0.473557
 -4.070000 0.325401 0.481760
 -4.065000 0.327828 0.488821
 -4.060000 0.330287 0.494756
 -4.055000 0.332773 0.499616
 -4.050000 0.335281 0.503455
 -4.045000 0.337806 0.506353
 -4.040000 0.340343 0.508366
 -4.035000 0.342888 0.509539
 -4.030000 0.345437 0.509928
 -4.025000 0.347987 0.509597
 -4.020000 0.350533 0.508596
 -4.015000 0.353072 0.506971
 -4.010000 0.355601 0.504723
 -4.005000 0.358118 0.501866
 -4.000000 0.360619 0.498397
 -3.995000 0.363101 0.494320
 -3.990000 0.365561 0.489597
 -3.985000 0.367996 0.484190
 -3.980000 0.370401 0.478064
 -3.975000 0.372775 0.471179
 -3.970000 0.375111 0.463477
 -3.965000 0.377407 0.454895
 -3.960000 0.379658 0.445428
 -3.955000 0.381859 0.435026
 -3.950000 0.384005 0.423633
 -3.945000 0.386092 0.411242
 -3.940000 0.388115 0.397860
 -3.935000 0.390068 0.383481
 -3.930000 0.391947 0.368146
 -3.925000 0.393746 0.351901
 -3.920000 0.395463 0.334800
 -3.915000 0.397091 0.316907
 -3.910000 0.398629 0.298351
 -3.905000 0.400072 0.279270
 -3.900000 0.401419 0.259810
 -3.895000 0.402667 0.240133
 -3.890000 0.403817 0.220436
 -3.885000 0.404869 0.200930
 -3.880000 0.405824 0.181815
 -3.875000 0.406685 0.163317
 -3.870000 0.407455 0.145695
 -3.865000 0.408140 0.129185
 -3.860000 0.408746 0.114027
 -3.855000 0.409279 0.100427
 -3.850000 0.409749 0.088596
 -3.845000 0.410164 0.078706
 -3.840000 0.410534 0.070903
 -3.835000 0.410871 0.065286
 -3.830000 0.411185 0.061955
 -3.825000 0.411489 0.060909
 -3.820000 0.411793 0.062123
 -3.815000 0.412108 0.065568
 -3.810000 0.412446 0.071118
 -3.805000 0.412816 0.078610
 -3.800000 0.413227 0.087837
 -3.795000 0.413689 0.098566
 -3.790000 0.414207 0.110545
 -3.785000 0.414787 0.123459
 -3.780000 0.415434 0.137026
 -3.775000 0.416149 0.150927
 -3.770000 0.416934 0.164853
 -3.765000 0.417789 0.178522
 -3.760000 0.418710 0.191641
 -3.755000 0.419694 0.203943
 -3.750000 0.420738 0.215175
 -3.745000 0.421834 0.225136
 -3.740000 0.422977 0.233660
 -3.735000 0.424158 0.240612
 -3.730000 0.425370 0.245910
 -3.725000 0.426604 0.249492
 -3.720000 0.427851 0.251340
 -3.715000 0.429104 0.251474
 -3.710000 0.430352 0.249987
 -3.705000 0.431590 0.246960
 -3.700000 0.432808 0.242514
 -3.695000 0.434002 0.236820
 -3.690000 0.435164 0.230080
 -3.685000 0.436290 0.222510
 -3.680000 0.437377 0.214321
 -3.675000 0.438421 0.205726
 -3.670000 0.439422 0.196953
 -3.665000 0.440379 0.188209
 -3.660000 0.441292 0.179694
 -3.655000 0.442165 0.171614
 -3.650000 0.442998 0.164124
 -3.645000 0.443796 0.157342
 -3.640000 0.444561 0.151324
 -3.635000 0.445299 0.146126
 -3.630000 0.446012 0.141759
 -3.625000 0.446706 0.138186
 -3.620000 0.447383 0.135319
 -3.615000 0.448048 0.133057
 -3.610000 0.448702 0.131270
 -3.605000 0.449349 0.129785
 -3.600000 0.449988 0.128407
 -3.595000 0.450621 0.126994
 -3.590000 0.451245 0.125340
 -3.585000 0.451861 0.123254
 -3.580000 0.452464 0.120579
 -3.575000 0.453052 0.117163
 -3.570000 0.453621 0.112875
 -3.565000 0.454166 0.107623
 -3.560000 0.454682 0.101312
 -3.555000 0.455163 0.093913
 -3.550000 0.455605 0.085394
 -3.545000 0.456001 0.075796
 -3.540000 0.456347 0.065185
 -3.535000 0.456638 0.053658
 -3.530000 0.456868 0.041313
 -3.525000 0.457035 0.028279
 -3.520000 0.457135 0.014714
 -3.515000 0.457166 0.000774
 -3.510000 0.457127 -0.013302
 -3.505000 0.457018 -0.027282
 -3.500000 0.456840 -0.040989
 -3.495000 0.456594 -0.054155
 -3.490000 0.456283 -0.066593
 -3.485000 0.455913 -0.078097
 -3.480000 0.455488 -0.088436
 -3.475000 0.455014 -0.097428
 -3.470000 0.454499 -0.104913
 -3.465000 0.453951 -0.110742
 -3.460000 0.453377 -0.114858
 -3.455000 0.452788 -0.117211
 -3.450000 0.452190 -0.117758
 -3.445000 0.451595 -0.116563
 -3.440000 0.451009 -0.113693
 -3.435000 0.450442 -0.109284
 -3.430000 0.449900 -0.103506
 -3.425000 0.449390 -0.096553
 -3.420000 0.448916 -0.088743
 -3.415000 0.448483 -0.080299
 -3.410000 0.448094 -0.071563
 -3.405000 0.447747 -0.062841
 -3.400000 0.447443 -0.054490
 -3.395000 0.447179 -0.046854
 -3.390000 0.446951 -0.040257
 -3.385000 0.446752 -0.035052
 -3.380000 0.446575 -0.031500
 -3.375000 0.446411 -0.029880
 -3.370000 0.446249 -0.030431
 -3.365000 0.446079 -0.033305
 -3.360000 0.445888 -0.038644
 -3.355000 0.445664 -0.046551
 -3.350000 0.445395 -0.057032
 -3.345000 0.445066 -0.070035
 -3.340000 0.444666 -0.085488
 -3.335000 0.444183 -0.103251
 -3.330000 0.443606 -0.123103
 -3.325000 0.442925 -0.144796
 -3.320000 0.442131 -0.168009
 -3.315000 0.441218 -0.192436
 -3.310000 0.440181 -0.217703
 -3.305000 0.439016 -0.243403
 -3.300000 0.437722 -0.269149
 -3.295000 0.436301 -0.294522
 -3.290000 0.434755 -0.319071
 -3.285000 0.433088 -0.342443
 -3.280000 0.431309 -0.364257
 -3.275000 0.429425 -0.384213
 -3.270000 0.427447 -0.401989
 -3.265000 0.425386 -0.417295
 -3.260000 0.423256 -0.429926
 -3.255000 0.421069 -0.439728
 -3.250000 0.418841 -0.446577
 -3.245000 0.416586 -0.450419
 -3.240000 0.414320 -0.451244
 -3.235000 0.412057 -0.449103
 -3.230000 0.409812 -0.444069
 -3.225000 0.407599 -0.436300
 -3.220000 0.405431 -0.425948
 -3.215000 0.403321 -0.413236
 -3.210000 0.401280 -0.398435
 -3.205000 0.399317 -0.381796
 -3.200000 0.397442 -0.363588
 -3.195000 0.395661 -0.344140
 -3.190000 0.393979 -0.323753
 -3.185000 0.392402 -0.302708
 -3.180000 0.390930 -0.281310
 -3.175000 0.389565 -0.259828
 -3.170000 0.388307 -0.238547
 -3.165000 0.387154 -0.217714
 -3.160000 0.386104 -0.197572
 -3.155000 0.385152 -0.178354
 -3.150000 0.384294 -0.160236
 -3.145000 0.383523 -0.143352
 -3.140000 0.382832 -0.127863
 -3.135000 0.382215 -0.113941
 -3.130000 0.381664 -0.101656
 -3.125000 0.381170 -0.091129
 -3.120000 0.380723 -0.082463
 -3.115000 0.380316 -0.075666
 -3.110000 0.379937 -0.070779
 -3.105000 0.379578 -0.067843
 -3.100000 0.379229 -0.066855
 -3.095000 0.378880 -0.067825
 -3.090000 0.378521 -0.070721
 -3.085000 0.378144 -0.075483
 -3.080000 0.377738 -0.082046
 -3.075000 0.377296 -0.090317
 -3.070000 0.376807 -0.100212
 -3.065000 0.376266 -0.111620
 -3.060000 0.375664 -0.124422
 -3.055000 0.374995 -0.138475
 -3.050000 0.374253 -0.153588
 -3.045000 0.373434 -0.169627
 -3.040000 0.372532 -0.186416
 -3.035000 0.371545 -0.203772
 -3.030000 0.370471 -0.221528
 -3.025000 0.369307 -0.239495
 -3.020000 0.368054 -0.257494
 -3.015000 0.366711 -0.275330
 -3.010000 0.365280 -0.292837
 -3.005000 0.363763 -0.309843
 -3.000000 0.362162 -0.326149
 -2.995000 0.360482 -0.341596
 -2.990000 0.358727 -0.356054
 -2.985000 0.356903 -0.369345
 -2.980000 0.355016 -0.381318
 -2.975000 0.353072 -0.391858
 -2.970000 0.351080 -0.400835
 -2.965000 0.349047 -0.408137
 -2.960000 0.346982 -0.413625
 -2.955000 0.344894 -0.417197
 -2.950000 0.342794 -0.418800
 -2.945000 0.340691 -0.418336
 -2.940000 0.338596 -0.415755
 -2.935000 0.336519 -0.411007
 -2.930000 0.334472 -0.404063
 -2.925000 0.332464 -0.394940
 -2.920000 0.330507 -0.383655
 -2.915000 0.328613 -0.370236
 -2.910000 0.326791 -0.354759
 -2.905000 0.325051 -0.337290
 -2.900000 0.323403 -0.317957
 -2.895000 0.321856 -0.296883
 -2.890000 0.320419 -0.274226
 -2.885000 0.319099 -0.250157
 -2.880000 0.317902 -0.224870
 -2.875000 0.316834 -0.198552
 -2.870000 0.315900 -0.171437
 -2.865000 0.315103 -0.143741
 -2.860000 0.314446 -0.115692
 -2.855000 0.313929 -0.087521
 -2.850000 0.313553 -0.059459
 -2.845000 0.313316 -0.031773
 -2.840000 0.313217 -0.004675
 -2.835000 0.313251 0.021654
 -2.830000 0.313415 0.046959
 -2.825000 0.313703 0.071052
 -2.820000 0.314108 0.093797
 -2.815000 0.314623 0.115030
 -2.810000 0.315240 0.134603
 -2.805000 0.315951 0.152383
 -2.800000 0.316746 0.168301
 -2.795000 0.317617 0.182297
 -2.790000 0.318552 0.194301
 -2.785000 0.319543 0.204306
 -2.780000 0.320579 0.212337
 -2.775000 0.321650 0.218406
 -2.770000 0.322748 0.222571
 -2.765000 0.323861 0.224921
 -2.760000 0.324982 0.225562
 -2.755000 0.326103 0.224626
 -2.750000 0.327216 0.222289
 -2.745000 0.328315 0.218732
 -2.740000 0.329393 0.214165
 -2.735000 0.330446 0.208786
 -2.730000 0.331471 0.202811
 -2.725000 0.332465 0.196478
 -2.720000 0.333427 0.189999
 -2.715000 0.334357 0.183596
 -2.710000 0.335255 0.177479
 -2.705000 0.336125 0.171813
 -2.700000 0.336967 0.166770
 -2.695000 0.337787 0.162466
 -2.690000 0.338586 0.159011
 -2.685000 0.339371 0.156456
 -2.680000 0.340146 0.154806
 -2.675000 0.340914 0.154055
 -2.670000 0.341681 0.154137
 -2.665000 0.342450 0.154934
 -2.660000 0.343225 0.156332
 -2.655000 0.344007 0.158180
 -2.650000 0.344800 0.160277
 -2.645000 0.345603 0.162472
 -2.640000 0.346417 0.164568
 -2.635000 0.347241 0.166373
 -2.630000 0.348073 0.167704
 -2.625000 0.348910 0.168403
 -2.620000 0.349748 0.168300
 -2.615000 0.350583 0.167277
 -2.610000 0.351410 0.165198
 -2.605000 0.352224 0.162006
 -2.600000 0.353019 0.157677
 -2.595000 0.353790 0.152213
 -2.590000 0.354530 0.145639
 -2.585000 0.355235 0.138001
 -2.580000 0.355899 0.129405
 -2.575000 0.356518 0.119948
 -2.570000 0.357088 0.109770
 -2.565000 0.357605 0.099017
 -2.560000 0.358067 0.087838
 -2.555000 0.358473 0.076419
 -2.550000 0.358820 0.064913
 -2.545000 0.359110 0.053486
 -2.540000 0.359343 0.042265
 -2.535000 0.359522 0.031386
 -2.530000 0.359646 0.020968
 -2.525000 0.359720 0.011091
 -2.520000 0.359746 0.001835
 -2.515000 0.359727 -0.006758
 -2.510000 0.359668 -0.014653
 -2.505000 0.359570 -0.021837
 -2.500000 0.359439 -0.028322
 -2.495000 0.359276 -0.034115
 -2.490000 0.359086 -0.039254
 -2.485000 0.358872 -0.043767
 -2.480000 0.358637 -0.047716
 -2.475000 0.358384 -0.051148
 -2.470000 0.358115 -0.054101
 -2.465000 0.357832 -0.056645
 -2.460000 0.357537 -0.058829
 -2.455000 0.357231 -0.060712
 -2.450000 0.356916 -0.062338
 -2.445000 0.356594 -0.063790
 -2.440000 0.356264 -0.065122
 -2.435000 0.355929 -0.066326
 -2.430000 0.355586 -0.067456
 -2.425000 0.355239 -0.068561
 -2.420000 0.354885 -0.069674
 -2.415000 0.354526 -0.070799
 -2.410000 0.354161 -0.071992
 -2.405000 0.353789 -0.073265
 -2.400000 0.353410 -0.074639
 -2.395000 0.353024 -0.076145
 -2.390000 0.352630 -0.077811
 -2.385000 0.352227 -0.079700
 -2.380000 0.351813 -0.081868
 -2.375000 0.351387 -0.084376
 -2.370000 0.350948 -0.087344
 -2.365000 0.350492 -0.090856
 -2.360000 0.350017 -0.095022
 -2.355000 0.349519 -0.100026
 -2.350000 0.348994 -0.105970
 -2.345000 0.348436 -0.113002
 -2.340000 0.347840 -0.121284
 -2.335000 0.347199 -0.130935
 -2.330000 0.346505 -0.142106
 -2.325000 0.345752 -0.154913
 -2.320000 0.344930 -0.169423
 -2.315000 0.344032 -0.185678
 -2.310000 0.343047 -0.203697
 -2.305000 0.341968 -0.223452
 -2.300000 0.340785 -0.244862
 -2.295000 0.339492 -0.267789
 -2.290000 0.338080 -0.292093
 -2.285000 0.336544 -0.317582
 -2.280000 0.334879 -0.344001
 -2.275000 0.333078 -0.371070
 -2.270000 0.331142 -0.398510
 -2.265000 0.329068 -0.426034
 -2.260000 0.326857 -0.453338
 -2.255000 0.324510 -0.480153
 -2.250000 0.322031 -0.506177
 -2.245000 0.319424 -0.531154
 -2.240000 0.316695 -0.554848
 -2.235000 0.313852 -0.577017
 -2.230000 0.310902 -0.597486
 -2.225000 0.307854 -0.616099
 -2.220000 0.304717 -0.632735
 -2.215000 0.301503 -0.647314
 -2.210000 0.298220 -0.659777
 -2.205000 0.294881 -0.670116
 -2.200000 0.291495 -0.678326
 -2.195000 0.288074 -0.684437
 -2.190000 0.284627 -0.688509
 -2.185000 0.281164 -0.690617
 -2.180000 0.277696 -0.690834
 -2.175000 0.274231 -0.689265
 -2.170000 0.270778 -0.686023
 -2.165000 0.267345 -0.681273
 -2.160000 0.263939 -0.675155
 -2.155000 0.260567 -0.667809
 -2.150000 0.257234 -0.659408
 -2.145000 0.253945 -0.650115
 -2.140000 0.250705 -0.640095
 -2.135000 0.247516 -0.629534
 -2.130000 0.244381 -0.618580
 -2.125000 0.241301 -0.607375
 -2.120000 0.238277 -0.596099
 -2.115000 0.235309 -0.584871
 -2.110000 0.232397 -0.573866
 -2.105000 0.229539 -0.563191
 -2.100000 0.226733 -0.552969
 -2.095000 0.223976 -0.543306
 -2.090000 0.221267 -0.534303
 -2.085000 0.218601 -0.526034
 -2.080000 0.215974 -0.518579
 -2.075000 0.213383 -0.511962
 -2.070000 0.210822 -0.506216
 -2.065000 0.208288 -0.501392
 -2.060000 0.205776 -0.497493
 -2.055000 0.203281 -0.494534
 -2.050000 0.200799 -0.492477
 -2.045000 0.198325 -0.491336
 -2.040000 0.195854 -0.491055
 -2.035000 0.193383 -0.491581
 -2.030000 0.190908 -0.492852
 -2.025000 0.188425 -0.494803
 -2.020000 0.185930 -0.497378
 -2.015000 0.183421 -0.500478
 -2.010000 0.180896 -0.504025
 -2.005000 0.178359 -0.507389
 -2.000000 0.176146 -0.511569
