#! FIELDS ss uhss duhss_ss
#! SET normalisation  40000000.000000
#! SET min_ss -4.5
#! SET max_ss -2.0
#! SET nbins_ss  500
#! SET periodic_ss false
 -4.500000 0.188300 0.085053
 -4.495000 0.130226 0.084675
 -4.490000 0.130646 0.087050
 -4.485000 0.131088 0.090316
 -4.480000 0.131552 0.095229
 -4.475000 0.132045 0.101957
 -4.470000 0.132577 0.110468
 -4.465000 0.133155 0.120669
 -4.460000 0.133788 0.132447
 -4.455000 0.134484 0.145630
 -4.450000 0.135249 0.160014
 -4.445000 0.136088 0.175368
 -4.440000 0.137006 0.191427
 -4.435000 0.138005 0.207918
 -4.430000 0.139088 0.224528
 -4.425000 0.140252 0.240977
 -4.420000 0.141498 0.256937
 -4.415000 0.142822 0.272128
 -4.410000 0.144220 0.286284
 -4.405000 0.145685 0.299146
 -4.400000 0.147211 0.310499
 -4.395000 0.148789 0.320137
 -4.390000 0.150411 0.327930
 -4.385000 0.152067 0.333766
 -4.380000 0.153747 0.337591
 -4.375000 0.155441 0.339388
 -4.370000 0.157140 0.339194
 -4.365000 0.158832 0.337079
 -4.360000 0.160510 0.333189
 -4.355000 0.162164 0.327666
 -4.350000 0.163787 0.320735
 -4.345000 0.165372 0.312612
 -4.340000 0.166914 0.303555
 -4.335000 0.168410 0.293849
 -4.330000 0.169856 0.283793
 -4.325000 0.171251 0.273651
 -4.320000 0.172596 0.263743
 -4.315000 0.173893 0.254328
 -4.310000 0.175145 0.245705
 -4.305000 0.176356 0.238113
 -4.300000 0.177532 0.231780
 -4.295000 0.178680 0.226884
 -4.290000 0.179808 0.223572
 -4.285000 0.180923 0.221946
 -4.280000 0.182035 0.222079
 -4.275000 0.183152 0.223985
 -4.270000 0.184282 0.227643
 -4.265000 0.185435 0.232967
 -4.260000 0.186619 0.239860
 -4.255000 0.187841 0.248154
 -4.250000 0.189107 0.257665
 -4.245000 0.190423 0.268160
 -4.240000 0.191794 0.279379
 -4.235000 0.193222 0.291058
 -4.230000 0.194708 0.302909
 -4.225000 0.196254 0.314623
 -4.220000 0.197857 0.325887
 -4.215000 0.199515 0.336413
 -4.210000 0.201222 0.345932
 -4.205000 0.202975 0.354181
 -4.200000 0.204764 0.360918
 -4.195000 0.206583 0.365952
 -4.190000 0.208422 0.369129
 -4.185000 0.210273 0.370315
 -4.180000 0.212124 0.369456
 -4.175000 0.213965 0.366531
 -4.170000 0.215787 0.361588
 -4.165000 0.217579 0.354706
 -4.160000 0.219333 0.346023
 -4.155000 0.221038 0.335699
 -4.150000 0.222689 0.323962
 -4.145000 0.224277 0.311040
 -4.140000 0.225798 0.297203
 -4.135000 0.227249 0.282750
 -4.130000 0.228626 0.267976
 -4.125000 0.229930 0.253174
 -4.120000 0.231160 0.238643
 -4.115000 0.232319 0.224676
 -4.110000 0.233410 0.211556
 -4.105000 0.234438 0.199514
 -4.100000 0.235409 0.188773
 -4.095000 0.236330 0.179544
 -4.090000 0.237209 0.171941
 -4.085000 0.238054 0.166079
 -4.080000 0.238874 0.162053
 -4.075000 0.239679 0.159898
 -4.070000 0.240478 0.159587
 -4.065000 0.241280 0.161076
 -4.060000 0.242094 0.164299
 -4.055000 0.242928 0.169108
 -4.050000 0.243790 0.175385
 -4.045000 0.244687 0.182938
 -4.040000 0.245624 0.191573
 -4.035000 0.246606 0.201067
 -4.030000 0.247638 0.211205
 -4.025000 0.248721 0.221772
 -4.020000 0.249858 0.232537
 -4.015000 0.251048 0.243294
 -4.010000 0.252292 0.253857
 -4.005000 0.253588 0.264056
 -4.000000 0.254933 0.273737
 -3.995000 0.256326 0.282788
 -3.990000 0.257761 0.291105
 -3.985000 0.259236 0.298661
 -3.980000 0.260747 0.305426
 -3.975000 0.262290 0.311392
 -3.970000 0.263860 0.316635
 -3.965000 0.265455 0.321201
 -3.960000 0.267072 0.325163
 -3.955000 0.268707 0.328640
 -3.950000 0.270358 0.331731
 -3.945000 0.272025 0.334573
 -3.940000 0.273705 0.337278
 -3.935000 0.275398 0.339956
 -3.930000 0.277104 0.342688
 -3.925000 0.278825 0.345562
 -3.920000 0.280561 0.348630
 -3.915000 0.282313 0.351966
 -3.910000 0.284082 0.355569
 -3.905000 0.285869 0.359436
 -3.900000 0.287677 0.363558
 -3.895000 0.289506 0.367911
 -3.890000 0.291358 0.372439
 -3.885000 0.293232 0.377064
 -3.880000 0.295129 0.381718
 -3.875000 0.297050 0.386296
 -3.870000 0.298993 0.390746
 -3.865000 0.300958 0.394968
 -3.860000 0.302943 0.398857
 -3.855000 0.304947 0.402316
 -3.850000 0.306967 0.405257
 -3.845000 0.309000 0.407602
 -3.840000 0.311043 0.409241
 -3.835000 0.313092 0.410092
 -3.830000 0.315143 0.410098
 -3.825000 0.317192 0.409206
 -3.820000 0.319234 0.407347
 -3.815000 0.321265 0.404498
 -3.810000 0.323279 0.400638
 -3.805000 0.325270 0.395777
 -3.800000 0.327235 0.389918
 -3.795000 0.329168 0.383109
 -3.790000 0.331064 0.375401
 -3.785000 0.332920 0.366860
 -3.780000 0.334731 0.357584
 -3.775000 0.336495 0.347688
 -3.770000 0.338207 0.337304
 -3.765000 0.339866 0.326547
 -3.760000 0.341470 0.315561
 -3.755000 0.343020 0.304505
 -3.750000 0.344514 0.293533
 -3.745000 0.345954 0.282782
 -3.740000 0.347341 0.272372
 -3.735000 0.348676 0.262434
 -3.730000 0.349963 0.253079
 -3.725000 0.351205 0.244378
 -3.720000 0.352406 0.236385
 -3.715000 0.353568 0.229161
 -3.710000 0.354695 0.222701
 -3.705000 0.355791 0.216972
 -3.700000 0.356861 0.211936
 -3.695000 0.357907 0.207499
 -3.690000 0.358931 0.203565
 -3.685000 0.359936 0.200005
 -3.680000 0.360925 0.196672
 -3.675000 0.361896 0.193390
 -3.670000 0.362851 0.189954
 -3.665000 0.363788 0.186202
 -3.660000 0.364705 0.181949
 -3.655000 0.365598 0.177022
 -3.650000 0.366465 0.171224
 -3.645000 0.367300 0.164414
 -3.640000 0.368098 0.156451
 -3.635000 0.368853 0.147220
 -3.630000 0.369558 0.136640
 -3.625000 0.370207 0.124655
 -3.620000 0.370792 0.111259
 -3.615000 0.371307 0.096499
 -3.610000 0.371745 0.080435
 -3.605000 0.372099 0.063178
 -3.600000 0.372364 0.044861
 -3.595000 0.372536 0.025676
 -3.590000 0.372609 0.005823
 -3.585000 0.372583 -0.014406
 -3.580000 0.372454 -0.034756
 -3.575000 0.372225 -0.054901
 -3.570000 0.371896 -0.074550
 -3.565000 0.371470 -0.093339
 -3.560000 0.370954 -0.110932
 -3.555000 0.370353 -0.127005
 -3.550000 0.369676 -0.141233
 -3.545000 0.368934 -0.153333
 -3.540000 0.368137 -0.163034
 -3.535000 0.367298 -0.170076
 -3.530000 0.366431 -0.174257
 -3.525000 0.365550 -0.175434
 -3.520000 0.364672 -0.173498
 -3.515000 0.363812 -0.168389
 -3.510000 0.362985 -0.160114
 -3.505000 0.362207 -0.148717
 -3.500000 0.361494 -0.134274
 -3.495000 0.360860 -0.116966
 -3.490000 0.360319 -0.097003
 -3.485000 0.359884 -0.074638
 -3.480000 0.359566 -0.050143
 -3.475000 0.359376 -0.023845
 -3.470000 0.359321 0.003920
 -3.465000 0.359407 0.032810
 -3.460000 0.359640 0.062451
 -3.455000 0.360022 0.092455
 -3.450000 0.360554 0.122465
 -3.445000 0.361235 0.152126
 -3.440000 0.362062 0.181068
 -3.435000 0.363031 0.208970
 -3.430000 0.364137 0.235528
 -3.425000 0.365371 0.260467
 -3.420000 0.366725 0.283492
 -3.415000 0.368189 0.304368
 -3.410000 0.369752 0.322891
 -3.405000 0.371401 0.338841
 -3.400000 0.373122 0.352049
 -3.395000 0.374903 0.362370
 -3.390000 0.376728 0.369685
 -3.385000 0.378580 0.373885
 -3.380000 0.380446 0.374870
 -3.375000 0.382309 0.372607
 -3.370000 0.384153 0.367069
 -3.365000 0.385960 0.358260
 -3.360000 0.387716 0.346290
 -3.355000 0.389404 0.331224
 -3.350000 0.391010 0.313219
 -3.345000 0.392518 0.292432
 -3.340000 0.393917 0.269117
 -3.335000 0.395193 0.243525
 -3.330000 0.396337 0.215964
 -3.325000 0.397339 0.186781
 -3.320000 0.398191 0.156344
 -3.315000 0.398889 0.125048
 -3.310000 0.399430 0.093297
 -3.305000 0.399812 0.061491
 -3.300000 0.400036 0.030065
 -3.295000 0.400104 -0.000584
 -3.290000 0.400023 -0.030076
 -3.285000 0.399798 -0.058038
 -3.280000 0.399437 -0.084136
 -3.275000 0.398952 -0.108063
 -3.270000 0.398353 -0.129530
 -3.265000 0.397653 -0.148323
 -3.260000 0.396867 -0.164236
 -3.255000 0.396009 -0.177106
 -3.250000 0.395094 -0.186808
 -3.245000 0.394138 -0.193232
 -3.240000 0.393159 -0.196339
 -3.235000 0.392173 -0.196107
 -3.230000 0.391195 -0.192529
 -3.225000 0.390244 -0.185678
 -3.220000 0.389335 -0.175582
 -3.215000 0.388484 -0.162372
 -3.210000 0.387706 -0.146152
 -3.205000 0.387017 -0.127153
 -3.200000 0.386428 -0.105554
 -3.195000 0.385953 -0.081594
 -3.190000 0.385603 -0.055595
 -3.185000 0.385387 -0.027895
 -3.180000 0.385313 0.001138
 -3.175000 0.385385 0.031065
 -3.170000 0.385608 0.061465
 -3.165000 0.385983 0.091826
 -3.160000 0.386508 0.121605
 -3.155000 0.387179 0.150328
 -3.150000 0.387988 0.177405
 -3.145000 0.388928 0.202295
 -3.140000 0.389985 0.224431
 -3.135000 0.391145 0.243313
 -3.130000 0.392390 0.258435
 -3.125000 0.393699 0.269321
 -3.120000 0.395052 0.275560
 -3.115000 0.396424 0.276810
 -3.110000 0.397788 0.272743
 -3.105000 0.399119 0.263176
 -3.100000 0.400387 0.247972
 -3.095000 0.401566 0.227078
 -3.090000 0.402626 0.200572
 -3.085000 0.403541 0.168631
 -3.080000 0.404283 0.131521
 -3.075000 0.404828 0.089586
 -3.070000 0.405153 0.043314
 -3.065000 0.405237 -0.006707
 -3.060000 0.405063 -0.059798
 -3.055000 0.404618 -0.115237
 -3.050000 0.403892 -0.172189
 -3.045000 0.402880 -0.229754
 -3.040000 0.401581 -0.286993
 -3.035000 0.400000 -0.342916
 -3.030000 0.398144 -0.396492
 -3.025000 0.396029 -0.446733
 -3.020000 0.393674 -0.492612
 -3.015000 0.391103 -0.533148
 -3.010000 0.388345 -0.567391
 -3.005000 0.385433 -0.594502
 -3.000000 0.382406 -0.613723
 -2.995000 0.379303 -0.624335
 -2.990000 0.376171 -0.625808
 -2.985000 0.373054 -0.617734
 -2.980000 0.370003 -0.599901
 -2.975000 0.367064 -0.572221
 -2.970000 0.364290 -0.534775
 -2.965000 0.361726 -0.487837
 -2.960000 0.359419 -0.431895
 -2.955000 0.357414 -0.367572
 -2.950000 0.355749 -0.295672
 -2.945000 0.354460 -0.217126
 -2.940000 0.353578 -0.133031
 -2.935000 0.353128 -0.044610
 -2.930000 0.353127 0.046810
 -2.925000 0.353588 0.139859
 -2.920000 0.354516 0.233133
 -2.915000 0.355907 0.325218
 -2.910000 0.357752 0.414684
 -2.905000 0.360036 0.500179
 -2.900000 0.362734 0.580430
 -2.895000 0.365817 0.654294
 -2.890000 0.369252 0.720700
 -2.885000 0.372998 0.778774
 -2.880000 0.377012 0.827809
 -2.875000 0.381247 0.867302
 -2.870000 0.385655 0.896898
 -2.865000 0.390187 0.916492
 -2.860000 0.394792 0.926161
 -2.855000 0.399421 0.926208
 -2.850000 0.404027 0.917088
 -2.845000 0.408566 0.899433
 -2.840000 0.412998 0.873999
 -2.835000 0.417285 0.841732
 -2.830000 0.421396 0.803616
 -2.825000 0.425305 0.760717
 -2.820000 0.428990 0.714139
 -2.815000 0.432435 0.665019
 -2.810000 0.435632 0.614452
 -2.805000 0.438575 0.563528
 -2.800000 0.441264 0.513230
 -2.795000 0.443708 0.464457
 -2.790000 0.445912 0.418063
 -2.785000 0.447894 0.374740
 -2.780000 0.449667 0.335090
 -2.775000 0.451254 0.299547
 -2.770000 0.452674 0.268473
 -2.765000 0.453950 0.242091
 -2.760000 0.455107 0.220467
 -2.755000 0.456168 0.203612
 -2.750000 0.457156 0.191430
 -2.745000 0.458095 0.183710
 -2.740000 0.459007 0.180248
 -2.735000 0.459911 0.180710
 -2.730000 0.460826 0.184760
 -2.725000 0.461769 0.192005
 -2.720000 0.462756 0.202078
 -2.715000 0.463798 0.214549
 -2.710000 0.464908 0.229005
 -2.705000 0.466094 0.245061
 -2.700000 0.467363 0.262336
 -2.695000 0.468721 0.280465
 -2.690000 0.470169 0.299080
 -2.685000 0.471711 0.317864
 -2.680000 0.473346 0.336475
 -2.675000 0.475073 0.354590
 -2.670000 0.476887 0.371963
 -2.665000 0.478786 0.388331
 -2.660000 0.480762 0.403434
 -2.655000 0.482810 0.417094
 -2.650000 0.484922 0.429095
 -2.645000 0.487089 0.439295
 -2.640000 0.489302 0.447546
 -2.635000 0.491551 0.453753
 -2.630000 0.493825 0.457819
 -2.625000 0.496114 0.459705
 -2.620000 0.498406 0.459379
 -2.615000 0.500691 0.456808
 -2.610000 0.502957 0.452038
 -2.605000 0.505193 0.445116
 -2.600000 0.507389 0.436047
 -2.595000 0.509534 0.424890
 -2.590000 0.511619 0.411733
 -2.585000 0.513633 0.396628
 -2.580000 0.515567 0.379653
 -2.575000 0.517411 0.360847
 -2.570000 0.519156 0.340252
 -2.565000 0.520795 0.317885
 -2.560000 0.522317 0.293788
 -2.555000 0.523714 0.268001
 -2.550000 0.524977 0.240533
 -2.545000 0.526099 0.211334
 -2.540000 0.527071 0.180412
 -2.535000 0.527884 0.147793
 -2.530000 0.528529 0.113527
 -2.525000 0.528999 0.077625
 -2.520000 0.529285 0.040200
 -2.515000 0.529381 0.001348
 -2.510000 0.529279 -0.038724
 -2.505000 0.528975 -0.079850
 -2.500000 0.528462 -0.121692
 -2.495000 0.527740 -0.163918
 -2.490000 0.526806 -0.206119
 -2.485000 0.525662 -0.247880
 -2.480000 0.524311 -0.288707
 -2.475000 0.522759 -0.328079
 -2.470000 0.521015 -0.365467
 -2.465000 0.519089 -0.400386
 -2.460000 0.516996 -0.432311
 -2.455000 0.514751 -0.460743
 -2.450000 0.512374 -0.485238
 -2.445000 0.509885 -0.505431
 -2.440000 0.507306 -0.521059
 -2.435000 0.504660 -0.531872
 -2.430000 0.501972 -0.537793
 -2.425000 0.499267 -0.538806
 -2.420000 0.496569 -0.534980
 -2.415000 0.493901 -0.526526
 -2.410000 0.491287 -0.513698
 -2.405000 0.488746 -0.496869
 -2.400000 0.486297 -0.476517
 -2.395000 0.483958 -0.453155
 -2.390000 0.481742 -0.427311
 -2.385000 0.479660 -0.399602
 -2.380000 0.477720 -0.370665
 -2.375000 0.475925 -0.341160
 -2.370000 0.474278 -0.311746
 -2.365000 0.472776 -0.283037
 -2.360000 0.471414 -0.255628
 -2.355000 0.470185 -0.230077
 -2.350000 0.469077 -0.206883
 -2.345000 0.468079 -0.186503
 -2.340000 0.467175 -0.169295
 -2.335000 0.466347 -0.155583
 -2.330000 0.465579 -0.145604
 -2.325000 0.464850 -0.139533
 -2.320000 0.464141 -0.137429
 -2.315000 0.463433 -0.139345
 -2.310000 0.462704 -0.145271
 -2.305000 0.461936 -0.155053
 -2.300000 0.461110 -0.168568
 -2.295000 0.460208 -0.185593
 -2.290000 0.459211 -0.205868
 -2.285000 0.458106 -0.229144
 -2.280000 0.456877 -0.255125
 -2.275000 0.455512 -0.283476
 -2.270000 0.454001 -0.313850
 -2.265000 0.452333 -0.345918
 -2.260000 0.450502 -0.379346
 -2.255000 0.448501 -0.413772
 -2.250000 0.446326 -0.448865
 -2.245000 0.443975 -0.484284
 -2.240000 0.441448 -0.519723
 -2.235000 0.438743 -0.554884
 -2.230000 0.435865 -0.589448
 -2.225000 0.432815 -0.623176
 -2.220000 0.429599 -0.655800
 -2.215000 0.426224 -0.687117
 -2.210000 0.422696 -0.716951
 -2.205000 0.419023 -0.745107
 -2.200000 0.415214 -0.771439
 -2.195000 0.411278 -0.795807
 -2.190000 0.407225 -0.818106
 -2.185000 0.403066 -0.838237
 -2.180000 0.398811 -0.856161
 -2.175000 0.394473 -0.871804
 -2.170000 0.390062 -0.885143
 -2.165000 0.385590 -0.896134
 -2.160000 0.381069 -0.904770
 -2.155000 0.376510 -0.911051
 -2.150000 0.371926 -0.915023
 -2.145000 0.367327 -0.916702
 -2.140000 0.362725 -0.916198
 -2.135000 0.358131 -0.913533
 -2.130000 0.353555 -0.908797
 -2.125000 0.349007 -0.902146
 -2.120000 0.344497 -0.893718
 -2.115000 0.340033 -0.883687
 -2.110000 0.335623 -0.872203
 -2.105000 0.331273 -0.859518
 -2.100000 0.326990 -0.845841
 -2.095000 0.322776 -0.831375
 -2.090000 0.318636 -0.816361
 -2.085000 0.314572 -0.801029
 -2.080000 0.310585 -0.785642
 -2.075000 0.306674 -0.770448
 -2.070000 0.302838 -0.755627
 -2.065000 0.299075 -0.741445
 -2.060000 0.295380 -0.728063
 -2.055000 0.291750 -0.715684
 -2.050000 0.288179 -0.704460
 -2.045000 0.284660 -0.694484
 -2.040000 0.281188 -0.685866
 -2.035000 0.277756 -0.678722
 -2.030000 0.274356 -0.673052
 -2.025000 0.270981 -0.668874
 -2.020000 0.267622 -0.666204
 -2.015000 0.264273 -0.665054
 -2.010000 0.260927 -0.665436
 -2.005000 0.257583 -0.666586
 -2.000000 0.254668 -0.669942
