#! FIELDS q6l.mean uhq6l duhq6l_q6l.mean
#! SET normalisation  50000000.000000
#! SET min_q6l.mean 0.10
#! SET max_q6l.mean 0.45
#! SET nbins_q6l.mean  700
#! SET periodic_q6l.mean false
 0.100000 0.004369 0.540836
 0.100500 0.001375 0.707985
 0.101000 0.001814 0.920948
 0.101500 0.002379 1.190542
 0.102000 0.003103 1.529023
 0.102500 0.004023 1.950731
 0.103000 0.005187 2.474163
 0.103500 0.006652 3.119335
 0.104000 0.008486 3.910044
 0.104500 0.010767 4.871031
 0.105000 0.013591 6.035144
 0.105500 0.017067 7.435019
 0.106000 0.021322 9.107880
 0.106500 0.026503 11.094875
 0.107000 0.032784 13.444792
 0.107500 0.040354 16.204854
 0.108000 0.049439 19.433613
 0.108500 0.060284 23.185074
 0.109000 0.073161 27.518001
 0.109500 0.088380 32.497060
 0.110000 0.106285 38.189085
 0.110500 0.127246 44.659114
 0.111000 0.151672 51.975336
 0.111500 0.179996 60.198887
 0.112000 0.212686 69.390742
 0.112500 0.250247 79.612641
 0.113000 0.293207 90.917696
 0.113500 0.342121 103.354373
 0.114000 0.397557 116.954549
 0.114500 0.460108 131.748758
 0.115000 0.530373 147.750990
 0.115500 0.608961 164.966421
 0.116000 0.696470 183.379565
 0.116500 0.793488 202.960514
 0.117000 0.900597 223.669110
 0.117500 1.018344 245.443151
 0.118000 1.147238 268.202480
 0.118500 1.287745 291.846470
 0.119000 1.440284 316.264593
 0.119500 1.605209 341.325619
 0.120000 1.782798 366.876414
 0.120500 1.973250 392.750825
 0.121000 2.176687 418.773968
 0.121500 2.393131 444.750899
 0.122000 2.622515 470.486548
 0.122500 2.864659 495.767518
 0.123000 3.119275 520.373990
 0.123500 3.385979 544.090298
 0.124000 3.664269 566.696346
 0.124500 3.953531 587.969407
 0.125000 4.253048 607.695904
 0.125500 4.561986 625.660758
 0.126000 4.879413 641.661178
 0.126500 5.204298 655.503911
 0.127000 5.535515 667.007337
 0.127500 5.871847 676.001542
 0.128000 6.212002 682.334184
 0.128500 6.554613 685.870227
 0.129000 6.898253 686.493263
 0.129500 7.241443 684.107879
 0.130000 7.582656 678.637524
 0.130500 7.920332 670.025378
 0.131000 8.252890 658.237565
 0.131500 8.578737 643.264732
 0.132000 8.896290 625.123615
 0.132500 9.203972 603.854638
 0.133000 9.500236 579.521636
 0.133500 9.783564 552.209729
 0.134000 10.052501 522.035322
 0.134500 10.305640 489.130084
 0.135000 10.541657 453.654622
 0.135500 10.759311 415.790382
 0.136000 10.957461 375.742812
 0.136500 11.135070 333.734372
 0.137000 11.291214 290.003031
 0.137500 11.425095 244.804633
 0.138000 11.536045 198.406413
 0.138500 11.623532 151.084131
 0.139000 11.687170 103.126292
 0.139500 11.726707 54.822840
 0.140000 11.742042 6.464615
 0.140500 11.733221 -41.657522
 0.141000 11.700434 -89.258028
 0.141500 11.644008 -136.052302
 0.142000 11.564418 -181.769618
 0.142500 11.462268 -226.149203
 0.143000 11.338289 -268.942731
 0.143500 11.193330 -309.913582
 0.144000 11.028360 -348.850159
 0.144500 10.844438 -385.551410
 0.145000 10.642731 -419.850172
 0.145500 10.424482 -451.593602
 0.146000 10.191000 -480.650320
 0.146500 9.943651 -506.915660
 0.147000 9.683853 -530.314706
 0.147500 9.413051 -550.793125
 0.148000 9.132720 -568.331782
 0.148500 8.844330 -582.931118
 0.149000 8.549341 -594.611846
 0.149500 8.249201 -603.426204
 0.150000 7.945324 -609.445241
 0.150500 7.639094 -612.771917
 0.151000 7.331826 -613.513581
 0.151500 7.024780 -611.804105
 0.152000 6.719145 -607.784659
 0.152500 6.416044 -601.616396
 0.153000 6.116513 -593.466388
 0.153500 5.821495 -583.499670
 0.154000 5.531856 -571.893148
 0.154500 5.248377 -558.825170
 0.155000 4.971749 -544.475639
 0.155500 4.702564 -529.010463
 0.156000 4.441338 -512.598962
 0.156500 4.188514 -495.409679
 0.157000 3.944445 -477.597192
 0.157500 3.709404 -459.302464
 0.158000 3.483605 -440.669092
 0.158500 3.267175 -421.815581
 0.159000 3.060205 -402.868947
 0.159500 2.862719 -383.942200
 0.160000 2.674675 -365.128297
 0.160500 2.495996 -346.519216
 0.161000 2.326561 -328.200747
 0.161500 2.166204 -310.243300
 0.162000 2.014735 -292.718244
 0.162500 1.871923 -275.680501
 0.163000 1.737514 -259.180249
 0.163500 1.611229 -243.257965
 0.164000 1.492775 -227.949661
 0.164500 1.381839 -213.279821
 0.165000 1.278097 -199.265804
 0.165500 1.181217 -185.917867
 0.166000 1.090862 -173.238436
 0.166500 1.006701 -161.227957
 0.167000 0.928404 -149.881071
 0.167500 0.855645 -139.186691
 0.168000 0.788100 -129.125526
 0.168500 0.725453 -119.673919
 0.169000 0.667404 -110.807803
 0.169500 0.613668 -102.503454
 0.170000 0.563973 -94.737730
 0.170500 0.518051 -87.478229
 0.171000 0.475663 -80.704095
 0.171500 0.436571 -74.384661
 0.172000 0.400552 -68.494159
 0.172500 0.367395 -63.004722
 0.173000 0.336904 -57.894045
 0.173500 0.308896 -53.141557
 0.174000 0.283195 -48.726205
 0.174500 0.259638 -44.630083
 0.175000 0.238070 -40.836703
 0.175500 0.218338 -37.325622
 0.176000 0.200306 -34.084642
 0.176500 0.183845 -31.100257
 0.177000 0.168829 -28.358135
 0.177500 0.155139 -25.844636
 0.178000 0.142664 -23.546516
 0.178500 0.131298 -21.449295
 0.179000 0.120943 -19.540679
 0.179500 0.111508 -17.807362
 0.180000 0.102905 -16.235684
 0.180500 0.095058 -14.813065
 0.181000 0.087894 -13.527941
 0.181500 0.081351 -12.368672
 0.182000 0.075363 -11.320561
 0.182500 0.069879 -10.372540
 0.183000 0.064851 -9.514886
 0.183500 0.060237 -8.736609
 0.184000 0.055999 -8.027436
 0.184500 0.052103 -7.379442
 0.185000 0.048521 -6.785124
 0.185500 0.045228 -6.237722
 0.186000 0.042201 -5.731424
 0.186500 0.039420 -5.261174
 0.187000 0.036868 -4.824219
 0.187500 0.034530 -4.416960
 0.188000 0.032392 -4.038492
 0.188500 0.030440 -3.686823
 0.189000 0.028658 -3.359569
 0.189500 0.027037 -3.057541
 0.190000 0.025562 -2.779618
 0.190500 0.024222 -2.524910
 0.191000 0.023003 -2.293223
 0.191500 0.021897 -2.084746
 0.192000 0.020890 -1.899018
 0.192500 0.019972 -1.734988
 0.193000 0.019132 -1.591581
 0.193500 0.018360 -1.467166
 0.194000 0.017646 -1.360268
 0.194500 0.016982 -1.269384
 0.195000 0.016360 -1.192602
 0.195500 0.015774 -1.128280
 0.196000 0.015217 -1.074506
 0.196500 0.014687 -1.029295
 0.197000 0.014178 -0.990769
 0.197500 0.013687 -0.956945
 0.198000 0.013212 -0.926059
 0.198500 0.012752 -0.897159
 0.199000 0.012306 -0.868840
 0.199500 0.011875 -0.839928
 0.200000 0.011460 -0.809616
 0.200500 0.011059 -0.777190
 0.201000 0.010676 -0.742356
 0.201500 0.010311 -0.705297
 0.202000 0.009966 -0.665304
 0.202500 0.009641 -0.622555
 0.203000 0.009339 -0.577124
 0.203500 0.009061 -0.529161
 0.204000 0.008807 -0.479495
 0.204500 0.008579 -0.428078
 0.205000 0.008377 -0.375747
 0.205500 0.008201 -0.322984
 0.206000 0.008052 -0.270459
 0.206500 0.007928 -0.218846
 0.207000 0.007831 -0.169035
 0.207500 0.007758 -0.121416
 0.208000 0.007708 -0.076409
 0.208500 0.007679 -0.034843
 0.209000 0.007671 0.003007
 0.209500 0.007680 0.036567
 0.210000 0.007706 0.065580
 0.210500 0.007744 0.090341
 0.211000 0.007794 0.110644
 0.211500 0.007852 0.126319
 0.212000 0.007918 0.137605
 0.212500 0.007988 0.145005
 0.213000 0.008061 0.148849
 0.213500 0.008136 0.149740
 0.214000 0.008210 0.148154
 0.214500 0.008283 0.144618
 0.215000 0.008354 0.139781
 0.215500 0.008422 0.134233
 0.216000 0.008488 0.128510
 0.216500 0.008551 0.123264
 0.217000 0.008611 0.118990
 0.217500 0.008670 0.116235
 0.218000 0.008728 0.115292
 0.218500 0.008786 0.116544
 0.219000 0.008846 0.120366
 0.219500 0.008908 0.126978
 0.220000 0.008975 0.136711
 0.220500 0.009046 0.149692
 0.221000 0.009126 0.166009
 0.221500 0.009214 0.185501
 0.222000 0.009313 0.208579
 0.222500 0.009425 0.235219
 0.223000 0.009550 0.265399
 0.223500 0.009692 0.299077
 0.224000 0.009852 0.336055
 0.224500 0.010031 0.376300
 0.225000 0.010231 0.419698
 0.225500 0.010453 0.465932
 0.226000 0.010699 0.514558
 0.226500 0.010970 0.565477
 0.227000 0.011267 0.618226
 0.227500 0.011591 0.672392
 0.228000 0.011942 0.727742
 0.228500 0.012321 0.783738
 0.229000 0.012728 0.839807
 0.229500 0.013164 0.895760
 0.230000 0.013627 0.951015
 0.230500 0.014118 1.005048
 0.231000 0.014635 1.057717
 0.231500 0.015178 1.108771
 0.232000 0.015746 1.157736
 0.232500 0.016339 1.204716
 0.233000 0.016955 1.249700
 0.233500 0.017592 1.292150
 0.234000 0.018249 1.332497
 0.234500 0.018927 1.371073
 0.235000 0.019624 1.408129
 0.235500 0.020340 1.444039
 0.236000 0.021072 1.478961
 0.236500 0.021822 1.513608
 0.237000 0.022590 1.548321
 0.237500 0.023376 1.583558
 0.238000 0.024179 1.619541
 0.238500 0.025000 1.657072
 0.239000 0.025841 1.696205
 0.239500 0.026702 1.737309
 0.240000 0.027584 1.780815
 0.240500 0.028489 1.826499
 0.241000 0.029417 1.874566
 0.241500 0.030370 1.924955
 0.242000 0.031348 1.977605
 0.242500 0.032354 2.032138
 0.243000 0.033387 2.088307
 0.243500 0.034449 2.145358
 0.244000 0.035540 2.203374
 0.244500 0.036659 2.261841
 0.245000 0.037808 2.320152
 0.245500 0.038986 2.378210
 0.246000 0.040194 2.435761
 0.246500 0.041430 2.492538
 0.247000 0.042694 2.548480
 0.247500 0.043986 2.603779
 0.248000 0.045307 2.658535
 0.248500 0.046655 2.713034
 0.249000 0.048030 2.767540
 0.249500 0.049432 2.822379
 0.250000 0.050862 2.877971
 0.250500 0.052320 2.935221
 0.251000 0.053808 2.994466
 0.251500 0.055326 3.056155
 0.252000 0.056875 3.120530
 0.252500 0.058458 3.188495
 0.253000 0.060077 3.260950
 0.253500 0.061733 3.337976
 0.254000 0.063428 3.420154
 0.254500 0.065166 3.507648
 0.255000 0.066950 3.601347
 0.255500 0.068782 3.701672
 0.256000 0.070666 3.808681
 0.256500 0.072605 3.922729
 0.257000 0.074604 4.044641
 0.257500 0.076666 4.174812
 0.258000 0.078795 4.313176
 0.258500 0.080996 4.460431
 0.259000 0.083273 4.617154
 0.259500 0.085631 4.783174
 0.260000 0.088076 4.958760
 0.260500 0.090611 5.143470
 0.261000 0.093240 5.336617
 0.261500 0.095968 5.538143
 0.262000 0.098800 5.747101
 0.262500 0.101737 5.962579
 0.263000 0.104784 6.184010
 0.263500 0.107943 6.409806
 0.264000 0.111216 6.639488
 0.264500 0.114604 6.871507
 0.265000 0.118110 7.105817
 0.265500 0.121734 7.341357
 0.266000 0.125475 7.578198
 0.266500 0.129336 7.815571
 0.267000 0.133316 8.053460
 0.267500 0.137415 8.292092
 0.268000 0.141634 8.532613
 0.268500 0.145975 8.775339
 0.269000 0.150438 9.021127
 0.269500 0.155025 9.270930
 0.270000 0.159740 9.525429
 0.270500 0.164584 9.785993
 0.271000 0.169560 10.053251
 0.271500 0.174671 10.327452
 0.272000 0.179922 10.609632
 0.272500 0.185317 10.898850
 0.273000 0.190858 11.195497
 0.273500 0.196550 11.499221
 0.274000 0.202395 11.809254
 0.274500 0.208399 12.125214
 0.275000 0.214562 12.446862
 0.275500 0.220888 12.773577
 0.276000 0.227380 13.105208
 0.276500 0.234038 13.441988
 0.277000 0.240867 13.783888
 0.277500 0.247869 14.131814
 0.278000 0.255048 14.487981
 0.278500 0.262408 14.853356
 0.279000 0.269953 15.229770
 0.279500 0.277691 15.619389
 0.280000 0.285628 16.023350
 0.280500 0.293771 16.445095
 0.281000 0.302132 16.886455
 0.281500 0.310719 17.349221
 0.282000 0.319545 17.834439
 0.282500 0.328619 18.343013
 0.283000 0.337954 18.875390
 0.283500 0.347562 19.431020
 0.284000 0.357455 20.009842
 0.284500 0.367643 20.610476
 0.285000 0.378137 21.231239
 0.285500 0.388945 21.869355
 0.286000 0.400078 22.523837
 0.286500 0.411544 23.193115
 0.287000 0.423348 23.875298
 0.287500 0.435496 24.567665
 0.288000 0.447994 25.268909
 0.288500 0.460845 25.977551
 0.289000 0.474054 26.693283
 0.289500 0.487623 27.415187
 0.290000 0.501554 28.141337
 0.290500 0.515850 28.871164
 0.291000 0.530512 29.604465
 0.291500 0.545542 30.341015
 0.292000 0.560942 31.080949
 0.292500 0.576712 31.822196
 0.293000 0.592856 32.566140
 0.293500 0.609374 33.312281
 0.294000 0.626265 34.059208
 0.294500 0.643530 34.805204
 0.295000 0.661168 35.549325
 0.295500 0.679179 36.291718
 0.296000 0.697560 37.029144
 0.296500 0.716307 37.759903
 0.297000 0.735419 38.482289
 0.297500 0.754893 39.194502
 0.298000 0.774719 39.893768
 0.298500 0.794892 40.577723
 0.299000 0.815405 41.245141
 0.299500 0.836248 41.894113
 0.300000 0.857411 42.521635
 0.300500 0.878883 43.127492
 0.301000 0.900655 43.710497
 0.301500 0.922714 44.271513
 0.302000 0.945047 44.808776
 0.302500 0.967645 45.324799
 0.303000 0.990495 45.819165
 0.303500 1.013588 46.293994
 0.304000 1.036915 46.751602
 0.304500 1.060466 47.196156
 0.305000 1.084238 47.631363
 0.305500 1.108227 48.061968
 0.306000 1.132432 48.492084
 0.306500 1.156853 48.927106
 0.307000 1.181494 49.371051
 0.307500 1.206360 49.828338
 0.308000 1.231461 50.303023
 0.308500 1.256804 50.799575
 0.309000 1.282402 51.319064
 0.309500 1.308267 51.863136
 0.310000 1.334412 52.432593
 0.310500 1.360847 53.024194
 0.311000 1.387583 53.635785
 0.311500 1.414628 54.262982
 0.312000 1.441989 54.899532
 0.312500 1.469669 55.539124
 0.313000 1.497670 56.174900
 0.313500 1.525985 56.797697
 0.314000 1.554607 57.400316
 0.314500 1.583526 57.977087
 0.315000 1.612723 58.518100
 0.315500 1.642180 59.017785
 0.316000 1.671876 59.471416
 0.316500 1.701790 59.874910
 0.317000 1.731891 60.226712
 0.317500 1.762154 60.525536
 0.318000 1.792554 60.772792
 0.318500 1.823065 60.969874
 0.319000 1.853662 61.119938
 0.319500 1.884324 61.228765
 0.320000 1.915031 61.300444
 0.320500 1.945765 61.340776
 0.321000 1.976514 61.355603
 0.321500 2.007263 61.348658
 0.322000 2.038006 61.325640
 0.322500 2.068733 61.291772
 0.323000 2.099440 61.252202
 0.323500 2.130126 61.209000
 0.324000 2.160790 61.163778
 0.324500 2.191431 61.120656
 0.325000 2.222050 61.080356
 0.325500 2.252652 61.046913
 0.326000 2.283236 61.018397
 0.326500 2.313809 60.996501
 0.327000 2.344372 60.981405
 0.327500 2.374931 60.974637
 0.328000 2.405490 60.977733
 0.328500 2.436052 60.990270
 0.329000 2.466624 61.011412
 0.329500 2.497208 61.043544
 0.330000 2.527809 61.084442
 0.330500 2.558434 61.133691
 0.331000 2.589086 61.189086
 0.331500 2.619767 61.249610
 0.332000 2.650477 61.313177
 0.332500 2.681219 61.376909
 0.333000 2.711995 61.439812
 0.333500 2.742800 61.500922
 0.334000 2.773635 61.559915
 0.334500 2.804496 61.613029
 0.335000 2.835382 61.660648
 0.335500 2.866290 61.706693
 0.336000 2.897222 61.753968
 0.336500 2.928175 61.802204
 0.337000 2.959155 61.858374
 0.337500 2.990163 61.928364
 0.338000 3.021211 62.017215
 0.338500 3.052307 62.128732
 0.339000 3.083465 62.271330
 0.339500 3.114704 62.447284
 0.340000 3.146040 62.660899
 0.340500 3.177495 62.914506
 0.341000 3.209086 63.209413
 0.341500 3.240835 63.545109
 0.342000 3.272762 63.920142
 0.342500 3.304882 64.325749
 0.343000 3.337210 64.756372
 0.343500 3.369758 65.203016
 0.344000 3.402531 65.657431
 0.344500 3.435529 66.108403
 0.345000 3.468750 66.547318
 0.345500 3.502183 66.961374
 0.346000 3.535813 67.341783
 0.346500 3.569619 67.678766
 0.347000 3.603582 67.963798
 0.347500 3.637672 68.189161
 0.348000 3.671859 68.352535
 0.348500 3.706110 68.448943
 0.349000 3.740392 68.478768
 0.349500 3.774671 68.442837
 0.350000 3.808916 68.342035
 0.350500 3.843093 68.178558
 0.351000 3.877172 67.959339
 0.351500 3.911125 67.683568
 0.352000 3.944930 67.359165
 0.352500 3.978561 66.990576
 0.353000 4.011994 66.579706
 0.353500 4.045211 66.128633
 0.354000 4.078195 65.638858
 0.354500 4.110923 65.111479
 0.355000 4.143378 64.546392
 0.355500 4.175537 63.939157
 0.356000 4.207380 63.291430
 0.356500 4.238888 62.599764
 0.357000 4.270037 61.863501
 0.357500 4.300805 61.081530
 0.358000 4.331172 60.254331
 0.358500 4.361112 59.384546
 0.359000 4.390609 58.475686
 0.359500 4.419642 57.535811
 0.360000 4.448199 56.572094
 0.360500 4.476267 55.591091
 0.361000 4.503841 54.607923
 0.361500 4.530925 53.633226
 0.362000 4.557520 52.681255
 0.362500 4.583651 51.764395
 0.363000 4.609333 50.896831
 0.363500 4.634595 50.088766
 0.364000 4.659467 49.349601
 0.364500 4.683984 48.686208
 0.365000 4.708189 48.102448
 0.365500 4.732121 47.599779
 0.366000 4.755822 47.176594
 0.366500 4.779330 46.827917
 0.367000 4.802676 46.543600
 0.367500 4.825893 46.311701
 0.368000 4.849004 46.120057
 0.368500 4.872027 45.950889
 0.369000 4.894964 45.789677
 0.369500 4.917816 45.619740
 0.370000 4.940573 45.424123
 0.370500 4.963220 45.190113
 0.371000 4.985739 44.904146
 0.371500 5.008101 44.558611
 0.372000 5.030272 44.148836
 0.372500 5.052217 43.670809
 0.373000 5.073906 43.122931
 0.373500 5.095302 42.511097
 0.374000 5.116377 41.843345
 0.374500 5.137107 41.130915
 0.375000 5.157474 40.383707
 0.375500 5.177458 39.615886
 0.376000 5.197055 38.840432
 0.376500 5.216264 38.072075
 0.377000 5.235089 37.321695
 0.377500 5.253541 36.598958
 0.378000 5.271638 35.914945
 0.378500 5.289402 35.278625
 0.379000 5.306864 34.691436
 0.379500 5.324045 34.157915
 0.380000 5.340971 33.676323
 0.380500 5.357666 33.245181
 0.381000 5.374158 32.858957
 0.381500 5.390464 32.513641
 0.382000 5.406605 32.199345
 0.382500 5.422594 31.908643
 0.383000 5.438445 31.637148
 0.383500 5.454159 31.376667
 0.384000 5.469748 31.120769
 0.384500 5.485209 30.868348
 0.385000 5.500542 30.612432
 0.385500 5.515747 30.353988
 0.386000 5.530820 30.091329
 0.386500 5.545758 29.825078
 0.387000 5.560564 29.556307
 0.387500 5.575232 29.288660
 0.388000 5.589768 29.022730
 0.388500 5.604168 28.764802
 0.389000 5.618438 28.515256
 0.389500 5.632587 28.275241
 0.390000 5.646613 28.043986
 0.390500 5.660521 27.821566
 0.391000 5.674320 27.607701
 0.391500 5.688011 27.399912
 0.392000 5.701600 27.192046
 0.392500 5.715081 26.983174
 0.393000 5.728456 26.769538
 0.393500 5.741716 26.544085
 0.394000 5.754857 26.300607
 0.394500 5.767868 26.035417
 0.395000 5.780738 25.739682
 0.395500 5.793447 25.407116
 0.396000 5.805976 25.029007
 0.396500 5.818300 24.597143
 0.397000 5.830392 24.097769
 0.397500 5.842215 23.524724
 0.398000 5.853730 22.867025
 0.398500 5.864893 22.112055
 0.399000 5.875647 21.251592
 0.399500 5.885939 20.272625
 0.400000 5.895711 19.168490
 0.400500 5.904896 17.926702
 0.401000 5.913425 16.538292
 0.401500 5.921217 15.000497
 0.402000 5.928201 13.310004
 0.402500 5.934300 11.468490
 0.403000 5.939439 9.478482
 0.403500 5.943548 7.342456
 0.404000 5.946552 5.070119
 0.404500 5.948388 2.676119
 0.405000 5.948994 0.172136
 0.405500 5.948326 -2.422422
 0.406000 5.946341 -5.086429
 0.406500 5.943014 -7.795422
 0.407000 5.938327 -10.519919
 0.407500 5.932277 -13.233296
 0.408000 5.924876 -15.903549
 0.408500 5.916152 -18.503313
 0.409000 5.906152 -21.001978
 0.409500 5.894936 -23.365791
 0.410000 5.882574 -25.570789
 0.410500 5.869153 -27.584974
 0.411000 5.854773 -29.386353
 0.411500 5.839543 -30.956891
 0.412000 5.823583 -32.285139
 0.412500 5.807016 -33.361470
 0.413000 5.789970 -34.182520
 0.413500 5.772576 -34.751446
 0.414000 5.754960 -35.081480
 0.414500 5.737232 -35.187291
 0.415000 5.719496 -35.092676
 0.415500 5.701849 -34.826029
 0.416000 5.684367 -34.423645
 0.416500 5.667111 -33.928948
 0.417000 5.650116 -33.386543
 0.417500 5.633390 -32.843189
 0.418000 5.616924 -32.347605
 0.418500 5.600685 -31.949653
 0.419000 5.584613 -31.694416
 0.419500 5.568617 -31.626347
 0.420000 5.552599 -31.788869
 0.420500 5.536438 -32.208968
 0.421000 5.519995 -32.914850
 0.421500 5.503119 -33.929416
 0.422000 5.485657 -35.256241
 0.422500 5.467453 -36.896776
 0.423000 5.448354 -38.837581
 0.423500 5.428209 -41.056668
 0.424000 5.406892 -43.522470
 0.424500 5.384289 -46.190133
 0.425000 5.360309 -49.010025
 0.425500 5.334885 -51.928159
 0.426000 5.307986 -54.879804
 0.426500 5.279614 -57.803671
 0.427000 5.249801 -60.631222
 0.427500 5.218604 -63.297335
 0.428000 5.186121 -65.743667
 0.428500 5.152479 -67.915458
 0.429000 5.117829 -69.767367
 0.429500 5.082339 -71.261596
 0.430000 5.046197 -72.379161
 0.430500 5.009595 -73.109175
 0.431000 4.972723 -73.455181
 0.431500 4.935769 -73.439950
 0.432000 4.898904 -73.098503
 0.432500 4.862281 -72.481809
 0.433000 4.826020 -71.649913
 0.433500 4.790210 -70.679007
 0.434000 4.754899 -69.647862
 0.434500 4.720094 -68.643210
 0.435000 4.685764 -67.751868
 0.435500 4.651833 -67.059260
 0.436000 4.618182 -66.645183
 0.436500 4.584645 -66.580479
 0.437000 4.551039 -66.931318
 0.437500 4.517144 -67.744822
 0.438000 4.482721 -69.054912
 0.438500 4.447510 -70.879755
 0.439000 4.411258 -73.214547
 0.439500 4.373708 -76.047719
 0.440000 4.334620 -79.348179
 0.440500 4.293774 -83.070563
 0.441000 4.250971 -87.156244
 0.441500 4.206049 -91.541676
 0.442000 4.158874 -96.150025
 0.442500 4.109354 -100.904783
 0.443000 4.057434 -105.727549
 0.443500 4.003097 -110.540265
 0.444000 3.946370 -115.273486
 0.444500 3.887307 -119.856606
 0.445000 3.826004 -124.231158
 0.445500 3.762573 -128.341356
 0.446000 3.697159 -132.140290
 0.446500 3.629933 -135.595950
 0.447000 3.561069 -138.673507
 0.447500 3.490764 -141.354786
 0.448000 3.419223 -143.624745
 0.448500 3.346657 -145.475163
 0.449000 3.273276 -146.902899
 0.449500 3.199368 -147.847465
 0.450000 3.125367 -148.440005
