#! FIELDS time d1 d2 d3 d4 d5 d6 cv b1.bias
 0.100000 1.464240 2.538506 3.245009 2.785916 3.175224 1.349880 -1.585864 0.000000
 0.200000 1.427008 2.784070 3.165860 2.880126 2.980464 1.322465 -1.744781 4.914107
 0.300000 1.438504 2.656976 3.011051 2.785522 3.001916 1.354841 -1.599439 9.753804
 0.400000 1.418583 2.973952 2.903716 3.062114 3.145004 1.328244 -1.789475 14.263742
 0.500000 1.549054 2.525708 3.188266 3.041166 3.202385 1.369527 -1.497472 16.115988
 0.600000 1.470673 2.295364 3.095381 2.767074 3.093919 1.338372 -1.373339 22.603675
 0.700000 1.368065 2.488103 2.948703 2.905520 3.125570 1.310405 -1.523022 24.254538
 0.800000 1.452061 2.146087 3.269353 2.840125 3.138653 1.335615 -1.345347 30.537279
 0.900000 1.475725 2.384101 3.133169 3.050399 3.059587 1.335577 -1.437207 34.129218
 1.000000 1.472227 2.537598 3.142285 2.683562 3.230924 1.333810 -1.551114 37.983529
 1.100000 1.462803 2.755026 3.275507 3.047569 3.074894 1.311987 -1.739818 41.784746
 1.200000 1.493132 2.587032 3.239960 2.580483 3.127077 1.327402 -1.601721 44.546432
 1.300000 1.455853 2.612979 3.064721 2.455652 3.104301 1.326127 -1.587000 48.792230
 1.400000 1.458301 2.863312 3.195577 2.636448 3.095007 1.316475 -1.791852 52.144859
 1.500000 1.394840 3.097612 3.083671 2.837044 2.968660 1.324656 -1.944652 52.920253
 1.599999 1.409913 2.855251 3.143099 2.793697 3.341954 1.330786 -1.802545 57.206215
 1.699999 1.445302 2.573830 3.001070 2.931700 3.188886 1.364432 -1.537941 61.548065
 1.799999 1.481331 2.247793 3.276549 3.116721 2.962574 1.328614 -1.389438 63.869923
 1.899999 1.547306 2.316156 3.103197 2.974775 3.063005 1.327178 -1.337711 60.553546
 1.999999 1.614208 2.958716 3.204674 2.811894 3.315824 1.350494 -1.751733 52.116221
 2.099999 1.383712 2.802134 3.210036 2.405390 3.108134 1.345210 -1.804071 67.690565
 2.199999 1.399250 2.784507 3.112780 2.339762 3.115157 1.318273 -1.755436 72.306628
 2.299999 1.558556 2.996955 3.129116 2.793890 2.964226 1.334841 -1.784093 69.082555
 2.399999 1.528105 2.948137 3.468507 2.682184 3.112782 1.344794 -1.886302 76.273896
 2.499999 1.504251 2.887364 3.061554 2.268096 3.027681 1.325771 -1.734477 81.341551
 2.599999 1.382177 3.079006 3.150661 2.549189 3.106781 1.326745 -1.968528 79.241757
 2.699999 1.362553 3.055716 3.321417 3.103062 2.865481 1.316701 -2.012646 78.621865
 2.799999 1.402824 2.985607 3.164617 2.961302 3.046133 1.351339 -1.888520 87.157480
 2.899999 1.462863 2.577601 3.116197 2.530689 3.304373 1.321046 -1.580217 92.616819
 2.999999 1.647402 2.397849 3.186414 2.987350 3.038731 1.314161 -1.353829 62.622834
 3.099999 1.594489 2.259448 3.043394 2.747035 3.068465 1.316238 -1.254046 79.308631
 3.199999 1.465286 2.958657 2.894231 3.067824 3.241281 1.322238 -1.748363 99.021991
 3.299999 1.389566 2.245202 3.178300 2.676253 3.150295 1.323932 -1.425692 95.077368
 3.399999 1.630481 2.160894 3.161338 2.947460 3.056925 1.346289 -1.197123 75.452778
 3.499999 1.350382 2.324608 3.067717 2.834657 3.131076 1.326335 -1.464889 90.712940
 3.599999 1.667782 2.488729 3.083337 3.053481 3.177492 1.333653 -1.365293 67.977277
 3.699999 1.596586 2.042534 2.986018 2.609259 3.031611 1.370395 -1.083782 91.023247
 3.799999 1.455332 2.812763 3.202112 3.008449 3.174165 1.335024 -1.757457 110.727306
 3.899999 1.407071 2.721793 3.096359 2.891066 3.102460 1.337418 -1.694404 108.312846
 3.999999 1.345927 2.524137 3.149765 2.598266 3.235295 1.352150 -1.626372 97.606203
 4.099999 1.693235 2.306502 3.024390 2.838975 2.978262 1.342045 -1.206451 67.483227
 4.199999 1.540465 2.476863 3.187703 2.745427 3.287590 1.319316 -1.483848 112.199407
 4.299999 1.287491 2.502110 2.963031 2.807543 3.113175 1.316926 -1.589963 83.707040
 4.399999 1.765870 1.936246 3.190090 2.573516 3.024716 1.305182 -0.979584 49.060673
 4.499999 1.705378 2.056355 3.068307 2.457062 3.201821 1.325061 -1.060295 71.352483
 4.599999 1.733636 2.734745 3.085308 3.262100 3.018806 1.336960 -1.477649 65.043358
 4.699998 1.589087 2.380185 3.091118 2.622685 3.169589 1.365381 -1.348249 111.448830
 4.799998 1.314530 2.813370 2.935221 3.150098 3.150202 1.374127 -1.755184 96.761141
 4.899998 1.365792 2.588467 3.159978 3.100365 3.158595 1.339239 -1.653685 114.124493
 4.999998 1.311226 2.733255 3.018163 2.951494 3.060521 1.354153 -1.735455 99.833427
 5.099998 1.537392 2.209174 3.114824 2.247532 3.223769 1.334776 -1.288080 127.059586
 5.199998 1.593192 3.185214 3.255865 3.053824 3.065693 1.349844 -1.923186 116.875612
 5.299998 1.374630 2.776876 3.059061 2.435152 3.057037 1.345371 -1.742560 122.699619
 5.399998 1.334294 3.019475 3.283353 2.627413 3.219149 1.358721 -2.001128 113.094904
 5.499998 1.306818 3.012702 3.212712 2.798008 2.884616 1.340963 -1.985563 105.857361
 5.599998 1.442171 2.625558 3.289484 2.685422 3.107403 1.335250 -1.674123 139.290745
 5.699998 1.392794 2.733091 2.947848 3.077189 3.124995 1.360165 -1.657395 134.017125
 5.799998 1.321767 2.470721 3.061622 2.928500 3.114608 1.321287 -1.577068 115.992665
 5.899998 1.335562 2.563013 3.181868 3.088741 3.091982 1.317067 -1.666359 122.481074
 5.999998 1.311044 2.953720 2.942048 3.076702 3.189566 1.364562 -1.854933 116.018529
 6.099998 1.827332 1.849602 3.032534 2.426942 3.149044 1.321571 -0.832090 44.615106
 6.199998 1.737357 1.947448 3.207926 2.540571 3.125308 1.324965 -1.010998 77.244183
 6.299998 1.869062 1.434233 3.191009 2.126925 3.146136 1.365916 -0.580282 39.239612
 6.399998 1.942445 1.403884 3.164220 1.956029 3.207156 1.310379 -0.514960 27.093544
 6.499998 1.707868 1.988582 3.087146 2.738179 3.076970 1.356150 -1.009774 95.173453
 6.599998 1.272583 2.557573 3.085659 3.087313 3.085385 1.317489 -1.672674 103.951697
 6.699998 1.339816 3.066717 3.091787 3.184554 3.184110 1.292740 -1.969130 130.712219
 6.799998 1.442988 2.267729 3.122163 2.453484 3.123707 1.316792 -1.389758 153.267018
 6.899998 1.319166 2.297442 3.177136 2.668920 3.107317 1.303369 -1.508521 126.661669
 6.999998 1.649600 3.097256 3.126807 2.913497 3.135487 1.333485 -1.791446 119.254454
 7.099998 1.664801 2.580949 3.125088 2.458608 2.928362 1.381760 -1.435213 115.899623
 7.199998 1.662678 2.596583 3.279949 2.871144 3.102792 1.307364 -1.508472 118.575495
 7.299998 1.769787 2.632738 2.920048 3.093750 3.059235 1.325707 -1.337099 82.467818
 7.399998 1.276532 2.296806 3.044071 2.683855 3.181165 1.327128 -1.490296 113.082002
 7.499998 1.339105 2.533699 3.237215 2.977646 3.190472 1.323509 -1.665220 138.942242
 7.599998 1.315678 2.965046 2.954574 3.065713 2.946118 1.348964 -1.860866 132.223814
 7.699998 1.325852 2.666779 3.099800 2.510914 3.162027 1.311939 -1.722561 137.644975
 7.799997 1.339871 2.779853 3.173766 2.945354 2.958661 1.359977 -1.795141 144.102046
 7.899997 1.343061 2.989095 3.148816 2.844568 3.177639 1.346524 -1.929930 146.687538
 7.999997 1.675517 3.061926 3.027902 2.591866 3.109417 1.360880 -1.717388 120.349063
 8.099997 1.908590 2.293148 3.046662 1.657942 3.164406 1.347720 -1.078655 44.971992
 8.199997 1.672972 2.993191 3.063832 2.456796 3.090847 1.330259 -1.691668 124.877576
 8.299997 1.719657 2.633708 3.250536 2.015527 3.174525 1.355675 -1.488848 109.803798
 8.399997 1.620857 3.176443 3.168640 2.573409 3.139372 1.299765 -1.885230 146.111416
 8.499997 1.276658 2.773588 3.126319 3.120265 2.939407 1.342025 -1.817742 123.819804
 8.599997 1.351422 2.289736 3.192803 2.435277 3.259882 1.335606 -1.487996 154.581660
 8.699997 1.414024 3.010639 3.080833 3.221849 3.111605 1.319076 -1.873631 171.247152
 8.799997 1.319553 2.904920 3.223241 2.835346 3.091273 1.311879 -1.918390 145.840981
 8.899997 1.320502 2.628061 2.962467 2.402144 2.953167 1.338787 -1.648249 147.722762
 8.999997 1.294630 3.053510 3.140923 2.627313 3.175022 1.321534 -2.007869 138.714957
 9.099997 1.390664 2.795357 3.171512 2.519251 2.998744 1.311763 -1.784096 172.223887
 9.199997 1.591195 2.892283 3.167531 2.670503 2.969037 1.359245 -1.704081 160.779028
 9.299997 1.721572 2.942197 3.098850 2.333332 3.146364 1.341755 -1.638296 115.222798
 9.399997 1.870732 3.008744 3.450922 2.740090 2.962111 1.329318 -1.692444 64.052470
 9.499997 1.752818 3.029484 3.203113 2.512892 3.009038 1.329483 -1.706169 107.671828
 9.599997 1.828928 2.998154 3.001444 2.460112 3.095708 1.310437 -1.574552 82.420182
 9.699997 1.932601 2.783646 3.132482 2.428826 2.995502 1.333378 -1.402925 53.072071
 9.799997 1.759204 2.805821 3.202315 2.472968 3.123305 1.331842 -1.557431 111.988746
 9.899997 1.808585 2.851291 3.071981 2.528024 3.072270 1.349226 -1.507463 96.608301
 9.999997 1.851783 3.017445 3.118794 2.489961 3.093144 1.302878 -1.611394 84.333732
 10.099997 1.916387 2.987256 3.271981 2.626493 3.007388 1.336381 -1.590569 66.606197
 10.199997 1.754666 3.109124 3.166031 2.488829 3.144602 1.315956 -1.750264 122.119669
 10.299997 1.624764 2.938098 3.149914 2.382924 3.108058 1.343042 -1.714795 165.560409
 10.399997 1.830443 2.804764 3.172779 2.612916 3.009922 1.351929 -1.492887 99.038278
 10.499997 1.774552 3.080365 3.117856 2.590671 3.143413 1.340126 -1.697512 120.284662
 10.599997 1.297445 2.646785 3.077771 2.624565 3.102521 1.326319 -1.716240 144.520963
 10.699997 1.226065 2.528561 3.083213 2.900489 3.170628 1.309942 -1.688618 112.036927
 10.799997 1.283388 2.430864 3.096609 2.952081 3.110258 1.315783 -1.588280 141.609457
 10.899996 1.288154 2.270543 3.171606 2.671245 3.128339 1.334351 -1.505112 145.349290
 10.999996 1.322963 2.905539 3.147894 3.190398 3.161911 1.338765 -1.885184 161.703612
 11.099996 1.274375 2.812306 3.046121 2.956624 3.041339 1.310379 -1.827254 141.814990
 11.199996 1.332847 2.393365 3.058089 2.490146 3.166234 1.322142 -1.523612 168.358330
 11.299996 1.289539 2.599991 3.167429 2.829793 3.146926 1.312863 -1.720964 151.604383
 11.399996 1.412741 2.279885 3.022462 2.662746 3.004777 1.345844 -1.375663 192.942955
 11.499996 1.319606 2.644037 3.142972 2.907940 3.177256 1.303608 -1.723192 166.835161
 11.599996 1.323497 2.605920 3.030039 2.767351 3.156667 1.359266 -1.650949 169.662809
 11.699996 1.289117 2.835481 3.162562 3.090452 2.991100 1.320524 -1.866785 156.203531
 11.799996 1.351100 2.938011 3.054145 2.616379 3.204142 1.329744 -1.865754 182.271972
 11.899996 1.291515 2.757092 2.977077 2.583860 3.062726 1.333578 -1.757965 159.765961
 11.999996 1.419891 2.855969 3.219574 2.985844 2.977864 1.339045 -1.810448 200.617554
 12.099996 1.272523 2.691852 3.258843 2.585484 3.121716 1.322553 -1.823093 152.926407
 12.199996 1.288053 2.763815 3.076124 2.598771 3.076110 1.334374 -1.797144 161.737794
 12.299996 1.287499 2.910788 3.149248 2.789338 3.166399 1.314156 -1.920882 162.812318
 12.399996 1.308562 2.606710 3.036823 2.922410 2.995402 1.323389 -1.664105 173.499005
 12.499996 1.293723 2.927641 3.113863 3.137993 3.140080 1.327816 -1.909685 168.192397
 12.599996 1.321119 2.961143 3.224404 2.723619 3.122536 1.326438 -1.954217 181.111256
 12.699996 1.783584 2.906676 3.154120 2.308640 3.049254 1.292894 -1.598037 120.822812
 12.799996 1.811728 2.505681 3.174445 1.887639 3.199506 1.291263 -1.331090 112.540109
 12.899996 1.838924 2.434292 3.026301 1.792856 3.121807 1.328635 -1.211234 104.851942
 12.999996 1.843600 2.479163 3.068790 1.800579 3.168711 1.348877 -1.249237 105.321294
 13.099996 1.973978 2.643653 3.145859 1.985578 3.236731 1.339151 -1.297162 63.571200
 13.199996 1.967688 2.615235 3.158419 1.852985 3.149321 1.394216 -1.277775 68.501462
 13.299996 1.788607 2.593695 3.236175 1.969706 3.255310 1.332572 -1.418141 130.776486
 13.399996 1.744500 2.521811 3.183338 2.031578 3.095602 1.356256 -1.375056 147.296479
 13.499996 1.697503 2.760351 3.292468 2.183751 3.209391 1.353026 -1.599621 164.206005
 13.599996 1.864625 2.730243 3.182863 2.069660 3.096039 1.337177 -1.434815 108.873554
 13.699996 2.077165 2.666142 3.232507 1.852639 3.251418 1.325312 -1.276072 42.730503
 13.799996 2.033725 2.445162 3.048574 1.709504 3.038312 1.290313 -1.102087 58.254347
 13.899996 1.253534 3.125671 3.143843 2.507792 3.279786 1.334134 -2.084865 151.387774
 13.999995 1.248484 3.096750 3.131635 2.873866 2.873399 1.333641 -2.052744 150.193448
 14.099995 1.282261 2.677426 3.405988 2.549860 3.149360 1.321413 -1.856607 168.723746
 14.199995 1.326240 3.011327 3.014616 2.442128 3.019593 1.330351 -1.915263 189.182321
 14.299995 1.350935 2.649110 3.244991 2.742552 3.158429 1.311673 -1.739431 199.051057
 14.399995 1.315140 2.584937 3.034722 3.146336 3.031381 1.316074 -1.644225 186.757076
 14.499995 1.321109 2.662072 3.112341 2.745403 3.335047 1.332160 -1.724601 190.277434
 14.599995 1.533125 2.999870 2.990373 2.830214 3.090813 1.370321 -1.753996 213.047178
 14.699995 1.328074 2.304508 3.293646 2.753868 2.992915 1.339326 -1.536500 194.586272
 14.799995 1.329707 2.425091 3.074996 2.816480 3.151119 1.346408 -1.544328 196.230880
 14.899995 1.345050 2.720782 2.898494 2.968214 3.248737 1.337983 -1.671971 202.776411
 14.999995 1.291896 2.336139 3.095953 2.953360 3.020971 1.341279 -1.514410 181.960003
 15.099995 1.733662 1.981063 3.155400 2.611678 3.105666 1.330444 -1.016209 158.973943
 15.199995 1.296222 2.582356 3.105109 2.944541 3.139714 1.340425 -1.678796 185.234855
 15.299995 1.300364 2.233290 3.119931 2.739331 3.095331 1.367994 -1.448929 188.236446
 15.399995 1.273867 2.348479 3.003946 2.728752 3.157631 1.361838 -1.506356 176.509687
 15.499995 1.317607 2.288310 3.192732 2.894690 3.066980 1.339305 -1.499703 197.950516
 15.599995 1.314635 2.546956 3.159599 3.095839 3.154545 1.358781 -1.657040 197.704823
 15.699995 1.335682 2.615518 3.055091 2.873571 3.234155 1.328655 -1.662672 206.938565
 15.799995 1.562660 2.316938 3.061512 3.035766 2.957813 1.311843 -1.313930 213.822117
 15.899995 1.642167 2.181805 3.186010 2.899489 3.107400 1.288029 -1.221943 191.854830
 15.999995 1.704083 2.228289 2.849916 2.728843 3.098421 1.317108 -1.098395 172.527330
 16.099995 2.371499 1.183524 3.162987 2.207137 3.143946 1.384978 -0.070593 5.053308
 16.199995 2.913388 1.086167 1.998461 2.237169 2.876736 1.507393 0.758587 0.122157
 16.299995 3.089064 1.114983 2.045649 2.161388 2.942652 1.486137 0.834773 3.396213
 16.399995 2.927695 1.089293 2.003100 2.113372 2.864664 1.526133 0.766306 8.594501
 16.499995 2.987835 1.127971 1.956670 2.249358 2.795462 1.547323 0.802190 13.435035
 16.599995 2.632213 1.066524 1.956688 2.036727 2.804852 1.492550 0.596292 6.907670
 16.699995 2.924270 1.169721 1.966640 2.245370 2.786168 1.522270 0.725733 19.101695
 16.799995 3.327735 1.057362 2.030667 2.170837 3.003479 1.579923 1.048799 5.227650
 16.899995 3.291182 1.070889 2.073388 2.140320 2.934069 1.552185 0.998518 11.595789
 16.999995 2.882943 1.144286 2.015493 2.179645 2.858081 1.473637 0.689210 23.738410
 17.099994 2.509456 1.131026 2.017636 2.151777 2.808575 1.525798 0.459252 11.404607
 17.199994 3.165657 1.077624 2.008220 2.286377 2.925850 1.584252 0.939317 23.007256
 17.299994 3.474691 1.152194 2.094435 2.207659 2.935757 1.553200 1.060443 9.243674
 17.399994 2.954133 1.121016 2.043103 2.169382 2.860713 1.545822 0.753640 32.103299
 17.499994 2.690090 1.058806 2.016248 2.189933 2.793045 1.489496 0.621529 22.753568
 17.599994 2.716440 1.080860 1.985507 2.080110 2.730812 1.503829 0.636912 28.356599
 17.699994 3.412604 1.113435 2.054127 2.171543 3.024921 1.492747 1.046289 17.390251
 17.799994 3.208527 1.135393 2.003743 2.149092 2.898920 1.494454 0.916183 31.433876
 17.899994 2.916598 1.112968 1.995394 2.260013 2.831360 1.567368 0.754753 41.214974
 17.999994 2.646740 1.164618 1.984038 2.161307 2.868217 1.510264 0.535394 29.890405
 18.099994 2.484959 1.099467 1.998448 2.157516 2.728083 1.523660 0.471474 23.569387
 18.199994 2.866208 1.092326 2.075456 2.140692 2.849390 1.446068 0.687991 46.157423
 18.299994 3.457556 1.129719 2.033606 2.215508 2.915879 1.559499 1.085305 21.077507
 18.399994 3.316916 1.106468 2.024697 2.148058 2.906364 1.523906 1.004386 33.955626
 18.499994 3.008831 1.074185 2.018808 2.142486 2.784747 1.521897 0.826028 49.791047
 18.599994 3.215439 1.070670 2.003260 2.184188 2.964205 1.571455 0.974473 44.277547
 18.699994 3.498650 1.109880 1.988152 2.210493 2.911870 1.541731 1.137631 26.183180
 18.799994 3.257530 1.077554 2.040218 2.164451 2.923031 1.530720 0.979909 47.449229
 18.899994 2.872038 1.141196 1.997128 2.175310 2.751058 1.469750 0.691642 54.061641
 18.999994 2.472118 1.085230 2.038425 2.092626 2.840674 1.553502 0.460820 28.052509
 19.099994 2.617074 1.055734 2.004138 2.069868 2.625736 1.499188 0.582968 41.732619
 19.199994 2.763904 1.118631 1.978484 2.076379 2.920040 1.517230 0.643900 54.690907
 19.299994 2.593742 1.058536 1.971683 2.076395 2.782164 1.466234 0.567965 45.856917
 19.399994 2.632780 1.052424 2.067532 2.148431 2.844225 1.525552 0.575143 52.335895
 19.499994 2.408536 1.125568 2.041545 2.096962 2.744832 1.529257 0.389561 35.227695
 19.599994 2.371847 1.070360 2.024824 2.039721 2.675140 1.510622 0.404919 36.120317
 19.699994 2.738550 1.092474 1.980079 2.130646 2.940556 1.551405 0.649308 63.534218
 19.799994 3.090190 1.086466 1.942102 2.274681 2.817512 1.531138 0.899127 59.951618
 19.899994 3.594148 1.050450 1.956018 2.084597 2.927823 1.554013 1.250489 21.475285
 19.999994 3.716077 1.036454 2.061645 2.108362 2.905683 1.500781 1.297989 13.576074
 20.099994 3.712796 1.079308 1.973341 2.091589 2.846224 1.544125 1.304541 18.335752
 20.199993 3.722710 1.096692 2.041190 2.047724 2.778037 1.536939 1.277257 21.791139
 20.299993 3.744474 1.043443 1.940492 2.152344 2.824589 1.545823 1.361171 24.128758
 20.399993 3.765723 1.140949 1.977906 2.105913 2.741859 1.501229 1.293206 26.403891
 20.499993 3.790849 1.084217 2.046707 2.078158 2.797190 1.471904 1.318392 28.191730
 20.599993 3.697117 1.061072 1.991981 2.072263 2.721533 1.475957 1.291729 39.479095
 20.699993 3.684627 1.061093 2.037656 2.067908 2.774109 1.499321 1.270995 43.876458
 20.799993 3.511194 1.141209 1.976653 2.168864 2.904584 1.533202 1.127498 52.430243
 20.899993 2.908833 1.178179 2.017088 2.228696 2.895177 1.500776 0.687587 69.318982
 20.999993 3.099859 1.125761 2.028515 2.219373 2.924787 1.511310 0.845422 65.174294
 21.099993 3.228355 1.122381 2.046344 2.225406 2.964161 1.532616 0.929313 62.227789
 21.199993 3.133717 1.113014 2.047537 2.205469 2.872078 1.515390 0.871521 69.154221
 21.299993 3.193651 1.107845 1.984118 2.297008 2.891987 1.572035 0.944812 69.347651
 21.399993 3.267454 1.134376 2.046150 2.211917 2.898039 1.477801 0.939986 68.677387
 21.499993 3.091192 1.085520 1.961690 2.150664 2.757045 1.494715 0.888172 78.092295
 21.599993 2.600645 1.127870 2.017091 2.189887 2.799053 1.533611 0.523623 61.134281
 21.699993 2.343544 1.114857 2.010804 2.082507 2.670757 1.516640 0.363127 39.831192
 21.799993 3.159728 1.123724 2.043967 2.224682 2.964384 1.550488 0.886643 78.687343
 21.899993 3.315720 1.085476 2.049172 2.137140 2.897406 1.478542 1.002285 72.442169
 21.999993 3.202258 1.095540 2.002233 2.135505 2.799243 1.519196 0.944506 81.710958
 22.099993 2.878534 1.089154 2.012186 2.223674 2.863529 1.531741 0.733039 81.771252
 22.199993 2.397756 1.131257 2.021668 2.105708 2.732349 1.483527 0.378402 48.040603
 22.299993 2.710843 1.097318 2.086185 2.193067 2.865027 1.570086 0.598220 75.741225
 22.399993 2.374842 1.116145 2.024360 2.093546 2.679012 1.516099 0.378387 49.983152
 22.499993 2.441529 1.123704 1.994118 2.106037 2.733615 1.468947 0.419016 59.739989
 22.599993 2.413608 1.083916 2.044610 2.095238 2.730277 1.489003 0.413199 60.070019
 22.699993 2.299256 1.091890 2.006095 2.065439 2.687584 1.521050 0.350615 52.299934
 22.799993 2.921475 1.107141 2.010037 2.163637 3.003077 1.526756 0.745955 88.184989
 22.899993 2.631174 1.076596 1.990585 2.029680 2.762114 1.515777 0.582346 80.152674
 22.999993 3.206350 1.165143 2.002028 2.325146 2.932425 1.512213 0.899812 85.805494
 23.099993 3.152083 1.116878 2.022016 2.270485 2.936745 1.542515 0.893112 91.038611
 23.199993 2.621904 1.158056 2.074600 2.141441 2.799809 1.567261 0.503745 82.463649
 23.299992 2.827150 1.139019 2.041812 2.209248 2.916976 1.481628 0.647496 91.887551
 23.399992 2.313095 1.169723 1.950705 2.140754 2.672873 1.515387 0.327120 58.274072
 23.499992 2.737708 1.078418 2.094183 2.127687 2.910309 1.501410 0.613300 91.615561
 23.599992 2.364634 1.171410 2.047598 2.050848 2.757939 1.514253 0.325347 67.097260
 23.699992 2.746297 1.094414 2.099808 2.135180 2.945840 1.525531 0.609762 94.712956
 23.799992 2.362840 1.178287 2.089595 2.104472 2.849848 1.555999 0.311089 70.151362
 23.899992 2.426522 1.110412 2.026956 2.192815 2.662426 1.507945 0.415616 80.030826
 23.999992 2.398758 1.129790 1.994848 2.100533 2.720306 1.476487 0.387915 79.628682
 24.099992 2.485237 1.208388 2.014001 2.215880 2.776975 1.513782 0.393169 90.395636
 24.199992 2.909880 1.150590 2.048875 2.215849 2.964062 1.507447 0.695411 100.300496
 24.299992 3.475923 1.140975 2.025323 2.228855 2.864871 1.475086 1.080743 67.267794
 24.399992 3.451994 1.046892 1.985235 2.165191 2.928972 1.563887 1.151689 72.155203
 24.499992 3.084495 1.135262 1.998913 2.163133 2.867440 1.532249 0.842617 100.075548
 24.599992 3.161406 1.131950 1.992124 2.330351 2.923359 1.526327 0.897591 99.034229
 24.699992 3.253721 1.121343 1.954915 2.288254 2.870656 1.522738 0.977853 94.931992
 24.799992 3.514644 1.132990 1.996536 2.270693 2.843936 1.520051 1.128978 71.360731
 24.899992 3.545022 1.144048 2.043535 2.177027 2.890870 1.484534 1.118795 71.249114
 24.999992 3.139599 1.151087 2.025194 2.227154 2.931205 1.584293 0.867576 105.127509
 25.099992 2.675141 1.142278 2.043458 2.138730 2.781370 1.501926 0.549599 100.973866
 25.199992 2.864751 1.138435 2.027796 2.314141 2.903150 1.565371 0.691923 107.027986
 25.299992 2.728614 1.106100 2.079102 2.263478 2.817819 1.510155 0.598885 105.912475
 25.399992 2.293225 1.053972 1.996906 2.014630 2.695095 1.529320 0.375098 71.764969
 25.499992 2.297112 1.155884 1.963465 2.132716 2.710868 1.563447 0.328108 75.035486
 25.599992 2.696920 1.156076 2.024275 2.224668 2.808868 1.494072 0.560370 107.891345
 25.699992 2.851171 1.128199 2.037333 2.205166 2.994188 1.553409 0.681544 112.223725
 25.799992 3.008307 1.105298 2.047112 2.164584 2.819735 1.525956 0.796134 113.584873
 25.899992 3.610057 1.078212 2.092782 2.172371 2.939533 1.476487 1.186482 67.663135
 25.999992 3.818842 1.128471 1.957670 2.190751 2.837434 1.485373 1.339577 41.497441
 26.099992 3.816491 1.109211 2.008460 2.175638 2.787697 1.535014 1.342670 45.437246
 26.199992 3.815815 1.102066 2.037211 2.155124 2.914601 1.532455 1.334189 48.993628
 26.299992 3.625406 1.086193 2.046074 2.116699 2.836964 1.500196 1.211976 75.371893
 26.399991 3.331293 1.125862 2.046075 2.237982 2.860301 1.542713 0.999064 98.146416
 26.499991 3.193069 1.078086 2.035450 2.249147 2.909251 1.496856 0.934419 110.021728
 26.599991 3.120601 1.136688 1.958027 2.228752 2.911583 1.539201 0.879844 115.372970
 26.699991 3.346843 1.098781 2.069882 2.261412 2.894032 1.516710 1.014766 101.705243
 26.799991 2.867520 1.139839 2.121957 2.121057 2.848586 1.476341 0.646992 117.566457
 26.899991 2.682253 1.048533 2.020377 2.076601 2.888884 1.496529 0.619579 113.076535
 26.999991 2.234465 1.087183 2.036609 1.991801 2.737787 1.530110 0.300425 70.991112
 27.099991 2.306170 1.161387 2.062415 2.127568 2.668825 1.480264 0.285796 82.261903
 27.199991 2.603463 1.136365 1.979823 2.101755 2.709775 1.488962 0.526033 112.608220
 27.299991 2.923980 1.123517 1.976375 2.100669 2.975039 1.546688 0.750934 122.165962
 27.399991 3.401603 1.083508 1.972009 2.199223 2.925576 1.504883 1.089880 99.135274
 27.499991 3.428430 1.092486 1.929990 2.056154 2.884815 1.508802 1.115403 98.917159
 27.599991 3.368404 1.072481 1.946239 2.206082 2.776446 1.508399 1.087381 106.515459
 27.699991 3.333298 1.100768 1.942802 2.144545 2.911267 1.467723 1.036853 111.603789
 27.799991 2.820233 1.148330 2.035625 2.130003 2.879070 1.497864 0.641319 122.748185
 27.899991 2.268104 1.098983 2.013087 2.001337 2.742617 1.512173 0.319822 80.466412
 27.999991 2.385957 1.131719 2.047913 2.198220 2.718120 1.556750 0.374504 98.753395
 28.099991 2.180002 1.131746 1.966709 2.037146 2.672550 1.550274 0.263154 75.881144
 28.199991 2.292623 1.196381 1.997104 2.106699 2.766024 1.546279 0.283401 90.561515
 28.299991 2.984103 1.057686 1.988462 2.226767 2.823485 1.512594 0.829113 126.483078
 28.399991 2.871109 1.162780 2.027621 2.206618 2.858444 1.522643 0.673260 127.309729
 28.499991 2.814637 1.123723 2.028127 2.135939 2.906119 1.501363 0.656268 127.760894
 28.599991 2.412217 1.079504 1.953787 2.094639 2.660043 1.542089 0.454766 107.869079
 28.699991 2.308604 1.167610 2.009745 2.119847 2.686489 1.474289 0.299204 96.979754
 28.799991 2.283504 1.118252 2.022780 2.011193 2.753010 1.509539 0.313658 95.745215
 28.899991 2.257844 1.087126 1.937751 2.017660 2.684498 1.510352 0.346644 94.483964
 28.999991 3.180992 1.103619 2.080286 2.231685 3.112908 1.527284 0.895288 125.020602
 29.099991 2.936112 1.102110 1.965392 2.106908 2.750739 1.502741 0.774478 132.222561
 29.199991 3.477359 1.088438 1.960427 2.182199 2.914730 1.546006 1.147017 100.832257
 29.299991 3.565805 1.105358 1.899872 2.277066 2.825994 1.525096 1.213866 93.201521
 29.399991 3.576054 1.097621 1.971729 2.131240 2.960500 1.528090 1.198188 94.323068
 29.499990 3.284730 1.121720 1.951364 2.175416 2.885587 1.534519 0.999563 123.309463
 29.599990 3.097553 1.166852 2.025865 2.181756 2.885588 1.519415 0.819494 133.185057
 29.699990 2.626022 1.144328 2.006369 2.145011 2.797588 1.505372 0.528222 125.483508
 29.799990 2.575838 1.083941 2.008011 2.156177 2.814747 1.534086 0.538396 125.665915
 29.899990 2.588781 1.126318 1.931781 2.183900 2.735681 1.479754 0.537590 127.872278
 29.999990 2.822161 1.057911 2.055729 2.122885 2.977665 1.510731 0.695185 135.586936
 30.099990 2.324744 1.103455 2.055269 2.136320 2.687096 1.524103 0.345015 108.093943
 30.199990 2.351867 1.136410 2.087340 2.124810 2.753429 1.507191 0.326632 113.960687
 30.299990 2.230810 1.136182 2.044823 2.075417 2.723913 1.537118 0.265483 97.783147
 30.399990 2.272449 1.129494 2.031318 2.054851 2.710801 1.480051 0.292912 106.284041
 30.499990 2.171209 1.114942 2.033296 2.043719 2.629974 1.461594 0.233568 94.327900
 30.599990 2.178161 1.128200 1.989106 2.042546 2.653445 1.512361 0.251425 97.392358
 30.699990 2.837940 1.125822 2.061581 2.210308 2.965306 1.515933 0.661184 137.781233
 30.799990 2.890281 1.135792 2.006186 2.277062 2.928039 1.580584 0.719078 139.840944
 30.899990 3.294385 1.121765 1.957120 2.246024 2.841862 1.537389 1.006172 125.952017
 30.999990 3.908785 1.101567 1.999851 2.212211 2.993012 1.537503 1.407997 39.311721
 31.099990 3.843189 1.171189 2.010205 2.291725 2.812591 1.550657 1.322298 55.939736
 31.199990 3.714108 1.117918 1.974637 2.151573 2.884532 1.478640 1.269229 82.205977
 31.299990 3.984109 1.148555 2.016515 2.208470 2.971230 1.565586 1.426322 32.561761
 31.399990 3.944063 1.140500 2.139558 2.212715 2.905804 1.479204 1.352636 44.055715
 31.499990 3.841105 1.137121 2.065926 2.235359 2.830430 1.493577 1.315037 67.621815
 31.599990 4.044400 1.089921 2.143899 2.187266 3.053070 1.535272 1.456145 30.769258
 31.699990 3.497595 1.086264 2.032844 2.209798 2.697447 1.491221 1.134332 111.343535
 31.799990 3.479050 1.041083 2.079159 2.154921 3.082306 1.574624 1.140929 114.898820
 31.899990 2.670293 1.126643 2.031733 2.229513 2.735510 1.484396 0.559707 136.901397
 31.999990 2.687170 1.063666 1.989807 2.078850 2.884468 1.487605 0.621645 138.939795
 32.099990 2.659142 1.140198 1.997291 2.114624 2.893744 1.490681 0.551140 139.846163
 32.199990 2.612042 1.092933 2.009049 2.279146 2.670721 1.557686 0.564170 140.220055
 32.299990 3.161144 1.078258 2.041590 2.147133 3.026812 1.505552 0.908965 137.381196
 32.399990 3.138513 1.102278 1.996060 2.186422 2.834162 1.500966 0.896940 139.856841
 32.499990 3.313587 1.180045 2.063185 2.207003 2.949006 1.456060 0.930396 131.800959
 32.599989 3.362681 1.122726 2.077619 2.179199 2.921874 1.518715 1.005815 129.553843
 32.699989 3.146321 1.126038 2.021896 2.235443 2.841575 1.537914 0.884225 143.329122
 32.799989 3.110675 1.108694 2.043654 2.124739 2.978362 1.547042 0.862246 145.702856
 32.899989 3.124338 1.076018 2.055827 2.113016 2.814871 1.550346 0.892543 146.921865
 32.999989 3.421738 1.151485 2.150316 2.108372 3.023815 1.592245 1.010765 127.498840
 33.099989 3.388038 1.074534 2.053920 2.062510 2.859932 1.520862 1.062317 132.764271
 33.199989 3.462904 1.134723 2.039792 2.220536 2.978977 1.510830 1.074617 126.375711
 33.299989 2.965151 1.075387 1.963878 2.189645 2.812150 1.535722 0.816498 149.976327
 33.399989 2.850273 1.096415 2.017387 2.200832 2.926842 1.501920 0.701626 149.635137
 33.499989 2.199058 1.129546 2.029511 1.987465 2.638090 1.501720 0.249147 102.646145
 33.599989 2.900293 1.102090 2.028743 2.111520 3.002389 1.526150 0.728477 152.046702
 33.699989 2.651773 1.121888 2.054131 2.202285 2.784078 1.491301 0.543002 145.395401
 33.799989 2.647083 1.124135 1.999788 2.114771 2.804266 1.500371 0.556290 146.740921
 33.899989 3.178194 1.152554 1.953037 2.335511 2.883296 1.520937 0.908043 151.082340
 33.999989 2.940707 1.121027 1.968662 2.190900 2.784826 1.536547 0.769549 155.704186
 34.099989 2.984417 1.105534 1.992639 2.161607 2.872577 1.533085 0.798032 157.099903
 34.199989 3.091153 1.081378 2.024538 2.258726 2.859499 1.559522 0.879461 157.047234
 34.299989 3.010458 1.128178 2.031138 2.161125 2.842854 1.533918 0.788513 159.609465
 34.399989 3.136550 1.094371 1.993623 2.208102 2.884718 1.503100 0.901141 158.200637
 34.499989 3.303983 1.110665 2.018028 2.247640 2.893482 1.540249 0.999203 148.009613
 34.599989 3.793846 1.186206 2.008045 2.141576 2.954309 1.510126 1.269549 83.225437
 34.699989 3.849046 1.140723 1.969631 2.160968 2.807112 1.484472 1.347749 75.399632
 34.799989 3.824332 1.105842 1.957451 2.170310 2.932390 1.501910 1.358500 82.837070
 34.899989 3.692049 1.080144 2.008103 2.118004 2.877450 1.519901 1.274708 105.941162
 34.999989 3.903712 1.187021 2.051928 2.153729 2.845690 1.532488 1.333168 70.479037
 35.099989 3.919333 1.122259 2.058321 2.162347 2.904805 1.463987 1.371979 69.788646
 35.199989 3.978996 1.084992 2.064056 2.176580 3.003433 1.537732 1.443645 58.857979
 35.299989 3.893476 1.150806 2.008004 2.204509 2.836837 1.477018 1.356602 81.163506
 35.399989 3.968469 1.137632 2.082466 2.200394 2.993705 1.535988 1.396309 66.792356
 35.499989 4.039342 1.130601 2.031249 2.251698 3.006526 1.541532 1.465733 52.722281
 35.599989 3.883678 1.118483 2.028868 2.238049 2.821524 1.531962 1.373802 90.820099
 35.699988 4.031269 1.138872 2.047903 2.245646 2.969132 1.503756 1.444297 59.704907
 35.799988 3.825499 1.070886 2.015418 2.123202 2.872119 1.522525 1.367174 104.866147
 35.899988 3.728228 1.067583 1.969513 2.214714 2.707542 1.552123 1.329210 117.087584
 35.999988 3.931764 1.072249 2.084349 2.181639 2.948932 1.546760 1.416746 88.986979
 36.099988 4.024346 1.084068 2.089762 2.232886 2.987144 1.484073 1.458334 68.566900
 36.199988 3.653660 0.990518 2.010678 2.006513 2.745815 1.456426 1.298856 124.990395
 36.299988 3.852777 1.035891 2.013202 2.136788 2.918117 1.499196 1.404409 109.790462
 36.399988 4.005071 1.180253 2.022260 2.235687 2.960538 1.537800 1.413661 78.309908
 36.499988 3.720004 1.085325 2.023436 1.989306 2.795552 1.519325 1.284972 126.164667
 36.599988 3.917091 1.109987 2.006567 2.185743 2.905069 1.520828 1.404699 103.256726
 36.699988 4.015207 1.132469 2.018776 2.243020 3.012096 1.582866 1.458923 80.747038
 36.799988 3.916985 1.128024 2.044788 2.119506 2.913442 1.498297 1.375818 107.716803
 36.899988 3.594572 1.071974 1.950033 2.125123 2.608497 1.502530 1.237681 133.359235
 36.999988 3.540901 1.132706 1.940094 2.146197 2.762849 1.531169 1.167111 136.423786
 37.099988 2.954925 1.119205 1.964857 2.258019 2.970544 1.580063 0.785061 162.173792
 37.199988 2.143243 1.158594 1.951425 2.054700 2.572738 1.550356 0.228559 98.772372
 37.299988 3.353628 1.144347 1.994165 2.262010 3.005416 1.507900 1.010478 149.220089
 37.399988 2.973987 1.092182 1.952835 2.111462 2.782817 1.481757 0.806227 163.986774
 37.499988 3.220688 1.070085 2.001779 2.237505 2.909742 1.503118 0.969813 160.091279
 37.599988 2.371930 1.108404 1.984689 2.156315 2.687857 1.580165 0.405115 131.439966
 37.699988 2.261635 1.132222 1.970333 2.110532 2.675897 1.542343 0.315103 117.735783
 37.799988 2.648633 1.133862 2.055347 2.184140 2.818464 1.542875 0.539848 151.454014
 37.899988 2.614611 1.060174 2.001985 2.104652 2.771106 1.566028 0.586957 151.283036
 37.999988 2.578049 1.064821 2.081488 2.076670 2.833537 1.490198 0.520140 151.007978
 38.099988 2.394740 1.150667 1.991418 2.159964 2.725251 1.520687 0.380178 139.574780
 38.199988 2.183525 1.169047 2.050599 2.100583 2.704633 1.552546 0.213877 109.428873
 38.299988 2.139864 1.102552 2.026594 2.061502 2.650440 1.549658 0.236767 106.149042
 38.399988 2.332760 1.135178 2.008208 1.971952 2.809323 1.481445 0.333868 136.061716
 38.499988 2.759843 1.143844 2.014162 2.217692 2.842939 1.486257 0.611284 161.181529
 38.599988 2.640618 1.093461 1.969863 2.037632 2.755565 1.492825 0.580944 157.946979
 38.699988 3.255388 1.062642 2.011777 2.243242 2.997124 1.533824 0.997402 159.453277
 38.799987 3.001512 1.108294 1.967141 2.111972 2.805478 1.481824 0.808699 168.513554
 38.899987 3.450073 1.049181 1.991251 2.199738 2.999816 1.527870 1.140181 145.475852
 38.999987 3.106868 1.181175 2.000439 2.179503 2.820020 1.511721 0.824739 168.802685
 39.099987 2.837433 1.116974 2.037378 2.163616 2.861714 1.513220 0.675828 167.633290
 39.199987 2.504218 1.105886 1.931831 2.140680 2.735257 1.507881 0.499030 154.168657
 39.299987 2.263085 1.098446 1.996944 2.098035 2.605298 1.461272 0.318108 128.274989
 39.399987 2.210374 1.121170 1.947982 2.079597 2.606018 1.491825 0.288997 121.159729
 39.499987 2.164499 1.059194 2.092078 2.063980 2.664550 1.553725 0.260384 115.986414
 39.599987 2.268240 1.167888 2.058349 2.085867 2.721569 1.477353 0.255770 134.357875
 39.699987 2.264144 1.184776 2.079767 2.104515 2.690064 1.473089 0.235155 135.367770
 39.799987 2.433657 1.143473 1.967488 2.143645 2.681621 1.465201 0.410495 156.112475
 39.899987 2.201985 1.121462 1.975373 2.106604 2.603045 1.520693 0.279169 127.398515
 39.999987 2.233838 1.225963 2.030239 2.119041 2.707378 1.488070 0.206498 134.624381
 40.099987 2.129167 1.178163 2.028793 2.039992 2.702294 1.524202 0.174052 119.673358
 40.199987 2.357609 1.071291 1.969428 2.043288 2.719793 1.499411 0.410409 154.811098
 40.299987 2.955781 1.071953 1.963418 2.231126 2.908666 1.506958 0.806621 171.841234
 40.399987 2.692856 1.101922 2.010133 2.112172 2.781335 1.488479 0.596310 166.067619
 40.499987 3.328872 1.077386 2.137124 2.128883 3.060335 1.492415 0.986102 157.837031
 40.599987 3.028456 1.067983 2.067619 2.092072 2.842032 1.527899 0.826244 173.814942
 40.699987 3.470773 1.098216 2.065348 2.243379 3.082482 1.560450 1.101253 146.966640
 40.799987 3.238910 1.100407 2.052976 2.168940 2.856301 1.467825 0.940001 167.727820
 40.899987 3.034280 1.065974 1.985985 2.177269 2.822016 1.510161 0.856760 175.856578
 40.999987 2.678235 1.060169 1.970765 2.101715 2.874218 1.533878 0.632011 167.505488
 41.099987 2.652905 1.099398 2.026567 2.171177 2.904017 1.575283 0.577869 168.043644
 41.199987 2.818452 1.066999 1.972410 2.205837 2.929539 1.566889 0.724840 174.599684
 41.299987 2.579947 1.136038 1.984815 2.157652 2.754474 1.501491 0.510709 168.149625
 41.399987 3.011656 1.134052 2.015884 2.127988 2.964959 1.513273 0.784284 178.510989
 41.499987 3.329659 1.105882 1.997960 2.276744 2.964541 1.579630 1.030907 162.624609
 41.599987 3.566020 1.109564 2.008136 2.216712 2.829350 1.501840 1.171353 143.397756
 41.699987 3.513039 1.090784 2.036040 2.185289 2.830992 1.503612 1.139398 148.410246
 41.799987 3.376183 1.159027 2.061755 2.280580 3.005921 1.523506 0.996232 161.553705
 41.899986 2.554165 1.109459 2.015429 2.212735 2.749110 1.542149 0.508163 168.883325
 41.999986 2.748242 1.079018 1.980870 2.107005 3.026928 1.609839 0.671383 175.588027
 42.099986 2.341569 1.178817 2.020538 2.108691 2.756373 1.506608 0.313586 157.134917
 42.199986 2.203195 1.144836 2.009345 2.010052 2.742661 1.542730 0.252958 135.663518
 42.299986 2.230599 1.101166 1.986651 2.057927 2.682866 1.584457 0.315496 142.353472
 42.399986 2.183921 1.215119 2.011499 2.080651 2.659564 1.484725 0.186820 135.353748
 42.499986 2.104940 1.172410 2.011597 2.068679 2.630161 1.499775 0.165448 124.582742
 42.599986 2.754899 1.101580 1.959971 2.143594 2.826993 1.481419 0.652276 177.278703
 42.699986 3.460604 1.106445 2.060724 2.228494 2.890064 1.538156 1.091027 155.246852
 42.799986 3.491925 1.105312 2.033836 2.202817 2.909830 1.445473 1.106043 153.997173
 42.899986 3.189604 1.158134 1.999820 2.158766 2.876420 1.503246 0.892003 177.609713
 42.999986 3.075886 1.122725 2.028076 2.178989 2.824426 1.472522 0.827286 181.898493
 43.099986 2.939668 1.119222 2.038724 2.103525 2.919171 1.515836 0.740032 183.245562
 43.199986 3.107201 1.061614 2.000584 2.177174 2.885332 1.538016 0.906075 183.209428
 43.299986 3.094216 1.139862 2.019404 2.263400 2.794935 1.530892 0.841717 184.646462
 43.399986 3.068230 1.154192 2.012824 2.260129 2.874479 1.533029 0.815927 186.243396
 43.499986 3.084711 1.129774 2.038195 2.147720 2.921056 1.477155 0.823530 187.026975
 43.599986 3.442867 1.109684 1.950568 2.233943 2.906758 1.515307 1.109431 161.296640
 43.699986 3.498715 1.102231 2.032491 2.178648 2.867521 1.538042 1.128150 157.185912
 43.799986 3.407861 1.139278 2.015018 2.122704 2.960367 1.552907 1.049292 167.447787
 43.899986 3.093465 1.109981 1.978170 2.209811 2.877386 1.545058 0.874250 188.768027
 43.999986 2.439089 1.097334 2.081715 2.063631 2.774693 1.508510 0.410852 170.697720
 44.099986 2.728386 1.105911 2.035279 2.216759 2.923807 1.573442 0.620429 180.185796
 44.199986 2.490698 1.038903 2.044477 2.064379 2.834136 1.536728 0.498700 174.248306
 44.299986 2.720384 1.121299 2.088138 2.198144 2.957215 1.557862 0.584355 181.620336
 44.399986 2.513627 1.085383 2.030773 2.180699 2.738489 1.534542 0.490805 176.732676
 44.499986 2.948622 1.124834 2.060428 2.203004 2.812539 1.508532 0.737337 190.346670
 44.599986 3.102191 1.091963 2.013468 2.176287 2.898609 1.496835 0.871874 190.883166
 44.699986 2.979307 1.121844 2.014888 2.217530 2.898378 1.536631 0.777287 192.653071
 44.799986 2.774448 1.130410 2.030935 2.169648 2.793309 1.537677 0.632836 186.956381
 44.899986 3.056748 1.072478 2.019503 2.178612 2.935447 1.509829 0.853932 194.120989
 44.999985 2.845469 1.075580 2.003851 2.093576 2.819975 1.539802 0.723571 191.589744
 45.099985 2.719754 1.096178 2.014189 2.129809 2.759581 1.536569 0.624729 186.728148
 45.199985 2.726764 1.126918 1.963619 2.238304 2.809310 1.510317 0.621811 188.149581
 45.299985 2.597682 1.063097 2.034912 2.161934 2.808922 1.535698 0.558124 183.385167
 45.399985 2.588391 1.119875 1.987933 2.142314 2.864861 1.561555 0.532813 184.126297
 45.499985 2.749310 1.125553 2.098654 2.200536 2.835045 1.511542 0.592555 191.926149
 45.599985 2.612975 1.163000 2.021513 2.089150 2.833237 1.470584 0.495557 187.057743
 45.699985 2.713545 1.093096 1.972307 2.160552 2.835811 1.566031 0.639747 192.418105
 45.799985 2.559018 1.090130 2.038296 2.075533 2.775187 1.523622 0.511585 186.528894
 45.899985 2.719211 1.067891 2.150210 2.169052 2.871763 1.494433 0.589771 194.473420
 45.999985 2.528708 1.043633 2.025869 2.012204 2.868389 1.533665 0.525051 186.762898
 46.099985 2.080010 1.135900 2.074931 2.001504 2.706687 1.544529 0.156826 124.424001
 46.199985 2.166686 1.136158 2.058898 1.987603 2.724757 1.527671 0.216029 139.298838
 46.299985 2.158662 1.125050 1.984703 1.966851 2.723922 1.532970 0.242970 139.435169
 46.399985 2.248753 1.208437 2.046347 2.090522 2.697698 1.507526 0.225515 158.152472
 46.499985 2.105145 1.163470 2.020701 2.049146 2.658649 1.542992 0.174433 133.399167
 46.599985 2.163329 1.110446 2.011934 2.108455 2.624286 1.548709 0.252824 144.734668
 46.699985 2.126358 1.109968 2.030753 2.060798 2.611788 1.543405 0.221432 139.828575
 46.799985 2.147638 1.191746 1.993873 2.013176 2.699660 1.497688 0.184402 145.037321
 46.899985 2.165221 1.104169 1.948740 2.004124 2.645880 1.502131 0.270006 149.704320
 46.999985 2.143130 1.165565 1.947925 2.014773 2.646820 1.531054 0.220033 147.237960
 47.099985 3.125531 1.070040 2.108219 2.205670 3.046476 1.520071 0.871471 194.482898
 47.199985 3.443500 1.113777 2.022637 2.260110 2.956445 1.521447 1.083734 166.207879
 47.299985 3.495079 1.099857 1.993665 2.186328 2.844557 1.546482 1.141930 161.941868
 47.399985 3.598903 1.115397 2.013648 2.174223 2.857131 1.564231 1.196199 153.237570
 47.499985 3.373088 1.148366 2.017148 2.160263 2.822402 1.472455 1.010326 177.137664
 47.599985 3.283354 1.113044 1.962107 2.274168 2.835575 1.482528 0.994795 186.740203
 47.699985 3.307252 1.091394 2.050476 2.136539 3.021456 1.519717 0.996230 185.720650
 47.799985 3.529270 1.044325 2.021594 2.137996 2.898996 1.496552 1.182285 163.093345
 47.899985 3.572974 1.088541 2.001675 2.131103 2.877723 1.536185 1.195294 159.836957
 47.999985 3.619094 1.111865 1.997297 2.117286 2.851940 1.522806 1.210204 156.550764
 48.099984 3.664625 1.151696 1.988543 2.115186 2.891265 1.534666 1.218055 153.382514
 48.199984 3.601777 1.090048 2.048836 2.186647 2.860122 1.567005 1.203696 161.011265
 48.299984 3.570147 1.076155 1.978473 2.052216 2.897513 1.490661 1.200730 165.425913
 48.399984 3.599366 1.065395 2.006237 2.152116 2.856112 1.509553 1.222931 163.860476
 48.499984 3.245056 1.126459 1.986364 2.192756 2.947050 1.510717 0.953912 194.009172
 48.599984 2.411080 1.138182 1.997034 2.150172 2.755673 1.539522 0.399537 185.700185
 48.699984 3.201193 1.144899 2.060969 2.202436 3.020983 1.522194 0.888708 197.154937
 48.799984 3.240199 1.015807 1.961459 2.122858 2.848969 1.572857 1.042505 196.268887
 48.899984 3.587962 1.058958 1.951807 2.181001 2.940413 1.554512 1.243074 166.891255
 48.999984 3.459957 1.118411 1.950424 2.148750 2.898628 1.553937 1.120348 180.753145
 49.099984 3.491308 1.076467 2.063239 2.126808 3.005699 1.492649 1.119471 178.901086
 49.199984 2.744077 1.112222 1.927018 2.095965 2.743565 1.488112 0.651229 197.856003
 49.299984 2.873043 1.089112 2.030922 2.230208 2.930850 1.536912 0.722761 201.896413
 49.399984 2.523330 1.113097 2.000197 2.169712 2.743814 1.534647 0.488851 192.077717
 49.499984 3.346799 1.106088 2.063590 2.096290 3.091098 1.542103 1.010039 192.526262
 49.599984 3.609492 1.131324 2.045197 2.042722 2.813244 1.463603 1.166079 168.216677
 49.699984 3.970530 1.142081 1.996591 2.145158 3.011460 1.525230 1.420251 101.115772
 49.799984 4.032926 1.109798 2.010580 2.226323 3.036649 1.527261 1.478766 84.176079
 49.899984 4.029486 1.080213 2.070161 2.258319 3.004777 1.488161 1.471241 87.762028
 49.999984 4.006688 1.117493 2.049592 2.244976 2.981926 1.544410 1.447626 97.267121
 50.099984 4.099608 1.151144 2.055530 2.260165 3.041248 1.503855 1.477578 70.135364
 50.199984 4.050559 1.143513 2.067371 2.272848 2.994375 1.529403 1.451413 88.496233
 50.299984 4.055524 1.082183 2.113760 2.255507 3.075312 1.554169 1.481710 89.349326
 50.399984 3.967594 1.155160 2.097122 2.194421 2.911806 1.545968 1.382647 117.758153
 50.499984 3.967411 1.091820 2.121965 2.242873 2.953117 1.562208 1.418143 119.714843
 50.599984 4.060386 1.150789 1.973210 2.304341 3.041430 1.613250 1.496543 93.616025
 50.699984 3.683896 1.077109 1.955428 2.056396 2.737766 1.521627 1.291114 165.970317
 50.799984 4.038716 1.120442 2.114419 2.107050 3.071203 1.487361 1.433250 103.157483
 50.899984 3.996802 1.149841 2.110536 2.153698 2.952793 1.481306 1.389582 118.077997
 50.999984 4.139953 1.150086 2.053077 2.362042 3.049943 1.558954 1.515333 73.044643
 51.099984 3.987796 1.052704 2.065233 2.132045 3.060085 1.515160 1.465033 124.601213
 51.199983 3.631256 1.050847 1.931500 2.182539 2.677472 1.579936 1.293203 172.739042
 51.299983 3.547322 1.115973 1.976307 2.008335 2.897804 1.535867 1.166841 180.268840
 51.399983 3.066445 1.111949 1.989243 2.235342 2.766499 1.513676 0.849150 204.172045
 51.499983 2.651719 1.124496 1.893021 2.179490 2.813608 1.533430 0.599843 197.391447
 51.599983 2.755754 1.115765 1.987479 2.123232 2.739596 1.511451 0.640840 201.699199
 51.699983 3.301308 1.069992 1.952644 2.056403 2.918394 1.499875 1.036597 198.577994
 51.799983 3.177962 1.085049 2.035497 2.098392 2.792313 1.452125 0.913625 204.331841
 51.899983 2.985281 1.093725 2.036458 2.225340 2.924236 1.523755 0.790128 206.705942
 51.999983 2.370614 1.129555 2.001668 2.024828 2.746313 1.488614 0.367754 185.384920
 52.099983 2.654956 1.081425 1.988040 2.135839 2.865748 1.527823 0.596616 200.012288
 52.199983 2.752396 1.165512 2.033228 2.161547 2.956470 1.499483 0.584969 204.189333
 52.299983 2.678348 1.100335 2.027684 2.191719 2.799443 1.535038 0.589810 202.692238
 52.399983 2.987526 1.078143 2.012926 2.231256 2.851651 1.548019 0.814952 208.653224
 52.499983 3.129383 1.062113 2.003776 2.090058 2.880836 1.466376 0.907252 207.928121
 52.599983 2.991581 1.092988 2.061357 2.164845 2.853137 1.487431 0.781734 210.274233
 52.699983 2.679518 1.071418 2.030812 2.190914 2.818104 1.578579 0.614962 204.301345
 52.799983 2.532922 1.091108 1.960609 2.088310 2.781134 1.512984 0.517521 198.594426
 52.899983 2.556808 1.159683 1.972579 2.152111 2.779463 1.475920 0.479316 200.704628
 52.999983 2.655115 1.120691 2.010655 2.280108 2.748676 1.513557 0.565351 205.880608
 53.099983 2.064730 1.111253 2.025318 2.015731 2.567569 1.464789 0.169727 137.919223
 53.199983 2.131061 1.170970 2.095338 2.135350 2.639091 1.522688 0.160334 149.691834
 53.299983 2.170680 1.187034 2.072016 2.050936 2.718604 1.499336 0.177370 158.518310
 53.399983 2.084235 1.177039 2.074383 2.021549 2.688614 1.494615 0.125574 144.793801
 53.499983 2.150153 1.129555 2.005222 2.032276 2.606888 1.448794 0.217621 157.451526
 53.599983 2.163492 1.076090 2.088706 2.086702 2.619427 1.526835 0.246716 161.304348
 53.699983 2.755323 1.066581 2.070165 2.113630 2.984047 1.545599 0.645821 210.053187
 53.799983 2.989704 1.128871 2.063805 2.286987 2.881949 1.597513 0.774173 212.293705
 53.899983 3.273149 1.102002 2.033572 2.143397 2.976964 1.532140 0.975234 203.908492
 53.999983 3.414349 1.121178 1.977691 2.235574 2.866371 1.519039 1.075595 194.318932
 54.099983 3.253643 1.111766 2.028096 2.253491 2.969476 1.517093 0.956737 206.735363
 54.199983 3.079283 1.081807 2.034704 2.263778 2.848378 1.502879 0.859395 213.328396
 54.299982 2.954096 1.063280 2.018608 2.107721 2.901487 1.508070 0.792063 214.746331
 54.399982 3.192001 1.143226 1.997340 2.217568 2.954627 1.531146 0.907564 211.671363
 54.499982 3.101814 1.113636 1.989370 2.186581 2.810629 1.491525 0.866440 215.295659
 54.599982 3.093051 1.074740 2.032881 2.202413 2.925593 1.507822 0.872209 216.317743
 54.699982 2.581627 1.118338 2.058690 2.136053 2.756355 1.527476 0.503002 205.339987
 54.799982 2.686939 1.059377 1.947246 2.047315 2.865310 1.493321 0.639219 210.854206
 54.899982 2.759860 1.083324 1.980203 2.147850 2.769660 1.487270 0.663065 214.329222
 54.999982 2.948450 1.116170 2.027674 2.233668 2.852402 1.572168 0.763142 218.408971
 55.099982 3.250370 1.051840 2.100770 2.128184 3.056490 1.510955 0.965879 211.182647
 55.199982 3.189329 1.059025 1.982562 2.151980 2.750843 1.507998 0.965805 215.596119
 55.299982 3.488316 1.107157 2.024419 2.288546 2.999192 1.540993 1.119600 190.680915
 55.399982 3.015277 1.062599 1.960660 2.119831 2.873381 1.536922 0.857210 220.346105
 55.499982 2.655377 1.118997 1.984384 2.119164 2.763052 1.507117 0.572168 211.672906
 55.599982 2.808858 1.066564 1.969441 2.160263 2.888359 1.522590 0.713166 218.539136
 55.699982 2.004175 1.215064 2.024410 2.097131 2.564703 1.527993 0.072776 140.045706
 55.799982 2.578590 1.086841 1.998796 2.109754 2.808198 1.515424 0.538032 208.995512
 55.899982 2.747806 1.155920 1.987464 2.236520 2.773354 1.478156 0.604560 217.990282
 55.999982 3.031097 1.113899 1.905425 2.260022 2.826388 1.569469 0.859770 222.140260
 56.099982 3.256092 1.055306 2.026359 2.184011 2.958489 1.493272 0.991690 213.972090
 56.199982 3.425284 1.109494 2.056841 2.255330 2.915432 1.520144 1.063888 199.096131
 56.299982 3.496782 1.118289 2.019378 2.161419 2.892414 1.489557 1.112314 192.295942
 56.399982 3.538033 1.130606 2.034765 2.102982 2.916915 1.479108 1.123657 188.821159
 56.499982 2.983858 1.122190 2.007845 2.216593 2.772824 1.475400 0.775391 223.670685
 56.599982 2.905125 1.095152 2.029288 2.172215 2.893153 1.500689 0.735008 223.777293
 56.699982 2.621173 1.103304 2.015805 2.159793 2.810045 1.537968 0.553852 213.500268
 56.799982 2.187923 1.105059 1.970618 2.064020 2.652195 1.543620 0.284293 168.750837
 56.899982 2.093024 1.185483 2.020077 2.093753 2.684311 1.590800 0.159644 152.943907
 56.999982 2.113518 1.146730 2.020013 2.058562 2.676510 1.561558 0.193818 157.771881
 57.099982 2.079772 1.110938 2.011448 1.975811 2.681103 1.551482 0.195212 153.680684
 57.199982 2.134684 1.150692 1.999879 2.021762 2.614823 1.503746 0.203628 164.235868
 57.299982 2.195661 1.120548 1.952080 2.155972 2.557175 1.532876 0.286647 176.418413
 57.399981 2.534853 1.145261 1.985421 2.064069 2.823074 1.503069 0.472430 210.054083
 57.499981 2.998349 1.110621 2.065398 2.177361 2.906350 1.510600 0.775973 225.435729
 57.599981 3.423595 1.068589 2.048509 2.234741 2.976158 1.575108 1.099466 202.315364
 57.699981 3.552043 1.111550 2.008353 2.158862 2.923565 1.546479 1.165134 189.183871
 57.799981 3.558190 1.064346 2.017450 2.220717 2.989092 1.572547 1.200576 189.563064
 57.899981 3.285257 1.055069 1.983318 2.175573 2.961564 1.530551 1.030937 216.722754
 57.999981 2.287181 1.166666 2.023199 2.116673 2.702102 1.519166 0.287932 192.133684
 58.099981 2.174823 1.179099 2.107758 2.061191 2.728865 1.522139 0.177067 174.964360
 58.199981 2.069314 1.181759 2.024126 2.094690 2.572118 1.474746 0.129232 157.445063
 58.299981 2.652116 1.139485 2.052977 2.090984 2.916178 1.525288 0.533402 217.712247
 58.399981 3.108670 1.133193 2.134613 2.272932 2.897857 1.485825 0.808724 225.632312
 58.499981 3.151080 1.040816 1.994579 2.105982 2.891178 1.520309 0.947007 225.244938
 58.599981 3.581842 1.046397 2.044290 2.227773 2.919121 1.502022 1.209656 188.396564
 58.699981 3.448860 1.026136 2.102087 2.115857 2.872171 1.481344 1.112596 204.349846
 58.799981 3.458036 1.118980 2.148516 2.168320 3.035949 1.489882 1.041006 204.307555
 58.899981 3.167942 1.130473 2.063723 2.159897 2.849366 1.493584 0.873934 226.225464
 58.999981 3.121739 1.064835 2.014191 2.185136 2.894863 1.508730 0.904398 228.211563
 59.099981 2.786356 1.049488 1.912190 2.222507 2.768724 1.551223 0.735966 224.647942
 59.199981 2.412140 1.115241 1.998831 2.184860 2.670973 1.506910 0.411738 206.243468
 59.299981 3.119365 1.094212 1.971419 2.217719 2.936998 1.526178 0.899799 229.238258
 59.399981 3.437562 1.072000 1.949671 2.146894 2.912863 1.538938 1.133564 208.167341
 59.499981 3.694334 1.084182 2.008239 2.105260 2.951165 1.521288 1.272055 178.263405
 59.599981 3.717496 1.049630 1.911792 2.173903 2.753495 1.503597 1.343794 176.668973
 59.699981 4.176041 1.158676 2.094526 2.289212 3.121391 1.520245 1.511578 65.141865
 59.799981 3.806388 1.113311 2.043430 2.144885 2.779592 1.518570 1.319083 166.920883
 59.899981 4.045324 1.136898 2.055919 2.334760 2.963382 1.538621 1.458828 113.299820
 59.999981 4.134790 1.174644 2.164998 2.160596 3.091508 1.477021 1.443147 84.311364
 60.099981 3.947547 1.048058 2.116785 2.107768 3.009801 1.529631 1.427629 145.095743
 60.199981 4.179316 1.126569 2.042165 2.331910 3.154419 1.586257 1.562120 72.014285
 60.299981 3.982484 1.112702 2.082849 2.207903 2.937577 1.494307 1.416519 139.475325
 60.399981 3.869214 1.062224 2.032455 2.190782 2.873506 1.529029 1.397899 164.304480
 60.499980 4.095426 1.166188 2.149179 2.166311 3.079572 1.525743 1.435826 106.429685
 60.599980 4.119004 1.162617 2.055403 2.362954 2.989670 1.496975 1.484048 100.055739
 60.699980 3.977454 1.098611 2.055684 2.216271 2.987829 1.578322 1.443575 146.979707
 60.799980 3.623806 1.082818 1.984126 2.148572 2.713934 1.483874 1.233824 192.040787
 60.899980 3.539438 1.078930 1.923115 2.155395 2.774031 1.502969 1.202430 201.300206
 60.999980 3.293223 1.157525 2.014785 2.138667 2.915148 1.477319 0.950881 223.400611
 61.099980 2.233411 1.081197 1.964932 2.043750 2.655003 1.511986 0.326630 188.131113
 61.199980 2.544170 1.124097 2.009968 2.175954 2.710596 1.538609 0.493594 214.489169
 61.299980 2.781237 1.088306 2.008943 2.077950 2.835791 1.469185 0.659503 226.105005
 61.399980 2.669582 1.134706 2.015917 2.174504 2.878465 1.539316 0.564150 222.245861
 61.499980 2.267152 1.109218 2.095789 2.077606 2.772580 1.564376 0.293758 194.735304
 61.599980 2.100657 1.187524 2.028142 2.068610 2.676439 1.538352 0.152359 165.934268
 61.699980 2.185281 1.092645 2.042617 2.015234 2.715424 1.539883 0.264622 183.159519
 61.799980 2.262445 1.113412 2.083702 2.026984 2.733488 1.485657 0.279765 197.038038
 61.899980 2.561048 1.098875 1.987973 2.112974 2.815221 1.510103 0.521144 218.277073
 61.999980 2.737735 1.127857 2.007982 2.123166 2.781755 1.525142 0.615536 226.769210
 62.099980 3.256432 1.081988 2.016066 2.124064 2.948722 1.495081 0.977617 226.434956
 62.199980 3.221674 1.146725 1.959315 2.249231 2.781411 1.507709 0.937662 228.953936
 62.299980 2.847075 1.144592 2.012464 2.167258 2.940142 1.524191 0.672371 230.601414
 62.399980 2.506934 1.048336 1.971487 2.074192 2.794819 1.527052 0.526599 217.266042
 62.499980 2.866057 1.107487 2.012723 2.187167 2.850970 1.552386 0.715692 231.896362
 62.599980 3.316474 1.111704 2.016546 2.228316 2.942699 1.521016 1.002999 224.231241
 62.699980 3.172261 1.130945 2.036929 2.178769 2.881684 1.469198 0.880967 232.617316
 62.799980 2.837413 1.171512 1.976985 2.141046 2.841730 1.489759 0.656334 232.345008
 62.899980 2.480790 1.086978 2.082542 2.136986 2.796120 1.524814 0.447855 217.108459
 62.999980 2.522483 1.132796 1.999599 2.154452 2.772349 1.488825 0.467604 220.083049
 63.099980 2.512489 1.105719 2.115608 2.058086 2.883612 1.479565 0.435859 220.403950
 63.199980 2.247516 1.125553 2.018904 2.001230 2.765030 1.523719 0.288216 197.627310
 63.299980 2.178635 1.162442 1.986239 2.062267 2.649275 1.525319 0.232555 185.940289
 63.399980 2.302145 1.087144 1.967196 2.073307 2.672474 1.505390 0.366342 207.389870
 63.499980 3.188110 1.072750 2.009750 2.130619 2.968249 1.510923 0.942737 233.001584
 63.599979 3.427139 1.046540 2.094586 2.088044 2.887270 1.483768 1.087071 216.085991
 63.699979 3.714931 1.099604 2.069301 2.201626 2.986464 1.540364 1.258838 186.374424
 63.799979 3.631068 1.133778 1.949041 2.146435 2.842575 1.548848 1.224178 195.552868
 63.899979 3.388979 1.087840 1.997211 2.082470 2.894879 1.523869 1.072769 221.515287
 63.999979 3.111205 1.134973 1.978089 2.302716 2.941551 1.574165 0.873852 236.276387
 64.099979 2.614311 1.104220 1.995643 2.115371 2.877069 1.537453 0.553351 226.891521
 64.199979 2.240386 1.165889 2.026011 2.102706 2.713274 1.545155 0.260281 199.485973
 64.299979 2.116238 1.191256 2.087693 2.041285 2.715377 1.522549 0.137078 175.784840
 64.399979 2.566533 1.166450 2.010067 2.216798 2.774559 1.518817 0.476558 225.893394
 64.499979 2.914064 1.095856 1.951603 2.214619 2.853087 1.557766 0.776204 236.041090
 64.599979 3.011317 1.092091 1.909936 2.142070 2.761502 1.564082 0.858742 237.714421
 64.699979 3.404117 1.116250 1.958641 2.233515 2.965291 1.495763 1.072560 221.326555
 64.799979 2.886394 1.086134 1.968460 2.122687 2.773016 1.481474 0.747455 237.003444
 64.899979 2.553649 1.130774 2.113695 2.062318 2.860661 1.491900 0.449722 226.522500
 64.999979 2.537356 1.090506 2.069353 2.144339 2.794138 1.492964 0.482378 226.569433
 65.099979 2.549734 1.098383 2.019707 2.097409 2.804941 1.464736 0.496502 227.909923
 65.199979 2.745838 1.104412 2.020828 2.216900 2.799269 1.516329 0.631338 235.930895
 65.299979 3.127084 1.122347 2.013348 2.128503 2.944537 1.541920 0.874025 238.692803
 65.399979 3.296281 1.103651 1.970035 2.125076 2.825256 1.467357 1.003096 231.728087
 65.499979 3.575765 1.135977 2.047973 2.290484 2.953457 1.497177 1.144874 203.848566
 65.599979 3.611985 1.102291 2.014865 2.229446 2.915907 1.558529 1.211523 200.674125
 65.699979 3.623471 1.094395 2.006063 2.170730 2.825379 1.529324 1.223851 200.343956
 65.799979 3.627784 1.100695 1.953679 2.235388 2.957401 1.536791 1.238863 200.836340
 65.899979 3.434938 1.134874 2.018802 2.162685 2.895581 1.545769 1.069518 222.517330
 65.999979 3.016795 1.098480 2.014948 2.230163 2.894229 1.546113 0.819088 240.642092
 66.099979 2.484034 1.098525 2.014876 2.125272 2.727875 1.499098 0.461886 225.979720
 66.199979 2.876656 1.104158 2.036596 2.201399 2.931050 1.519198 0.710316 239.847944
 66.299979 3.352884 1.091229 2.030925 2.243446 2.828853 1.510077 1.036621 230.602857
 66.399979 3.351403 1.071861 1.984165 2.119554 3.029335 1.602904 1.072686 231.474609
 66.499979 3.524096 1.138991 2.011272 2.214409 2.947215 1.508101 1.121791 215.162070
 66.599979 3.365609 1.067250 2.061166 2.203283 2.863899 1.501795 1.048365 231.715830
 66.699978 3.432787 1.109250 2.028922 2.233082 2.935383 1.540626 1.080717 226.503816
 66.799978 2.970226 1.047822 2.100955 2.047396 2.875368 1.530669 0.789289 242.033181
 66.899978 2.628092 1.138794 2.006669 2.119811 2.824510 1.470532 0.526810 233.904952
 66.999978 2.442821 1.134119 2.028213 2.072045 2.788584 1.501469 0.405432 225.130378
 67.099978 2.539454 1.050580 2.025301 2.067020 2.746364 1.494914 0.524865 231.062731
 67.199978 3.178627 1.119206 2.014361 2.178321 2.954125 1.504018 0.904219 242.613025
 67.299978 3.159853 1.104247 2.083825 2.215452 2.859133 1.530143 0.885343 243.659932
 67.399978 2.873766 1.099005 2.002994 2.146574 2.795688 1.528480 0.726504 242.336526
 67.499978 2.812250 1.137559 2.016015 2.165654 2.854005 1.451827 0.643230 241.951685
 67.599978 2.632638 1.117685 2.082338 2.199060 2.810576 1.521604 0.528026 236.858628
 67.699978 2.755904 1.162904 1.983110 2.193195 2.776096 1.558205 0.618793 241.922112
 67.799978 3.043824 1.095946 2.041395 2.109937 2.953449 1.501832 0.820424 245.869315
 67.899978 2.955382 1.090600 2.008557 2.105181 2.829966 1.515951 0.780999 246.009637
 67.999978 3.060822 1.121620 1.999077 2.233118 2.930010 1.535507 0.835833 247.117342
 68.099978 2.450633 1.084230 2.047235 2.105997 2.740473 1.491111 0.436841 228.014075
 68.199978 2.646505 1.117388 1.926566 2.206885 2.756250 1.504952 0.587092 239.636171
 68.299978 2.509221 1.101483 1.994210 2.172184 2.762286 1.533759 0.488607 232.987053
 68.399978 2.620632 1.092747 1.978224 2.182743 2.727541 1.485790 0.566539 239.739768
 68.499978 2.804992 1.084572 2.043409 2.119444 2.913174 1.529057 0.674582 246.166593
 68.599978 3.150689 1.166936 2.061067 2.273446 2.889998 1.500796 0.841009 246.833899
 68.699978 3.437252 1.115179 1.994372 2.286494 2.900484 1.540681 1.092440 227.952720
 68.799978 3.416611 1.098390 1.989162 2.141447 2.939575 1.538414 1.088746 230.915044
 68.899978 3.236583 1.134964 1.904038 2.262054 2.821361 1.503112 0.971943 245.169436
 68.999978 2.652315 1.091219 1.945090 2.107071 2.767545 1.453695 0.592640 242.402227
 69.099978 2.083332 1.142093 1.974564 2.094103 2.551438 1.503509 0.185718 171.131452
 69.199978 2.023616 1.097048 2.058670 2.005853 2.574127 1.516897 0.148864 161.511363
 69.299978 2.068789 1.144558 2.079339 2.043922 2.633994 1.493704 0.136297 170.759855
 69.399978 2.061160 1.148221 2.033194 2.134499 2.574117 1.552276 0.155437 170.529314
 69.499978 2.111891 1.130750 2.039190 2.087630 2.619599 1.534222 0.194159 182.015453
 69.599978 2.088846 1.164679 2.086432 2.057779 2.672252 1.515747 0.136839 178.347291
 69.699978 2.109292 1.191993 1.977788 1.969370 2.718706 1.507577 0.164840 183.749550
 69.799977 2.135592 1.217017 2.028179 2.029714 2.767187 1.557292 0.156731 190.426504
 69.899977 2.557883 1.070611 2.080076 2.103836 2.882100 1.538293 0.510305 238.715728
 69.999977 2.796177 1.188046 2.070909 2.203928 2.930701 1.452225 0.580354 247.785795
 70.099977 2.538930 1.183497 1.984724 2.072934 2.865705 1.506157 0.449958 238.699756
 70.199977 2.704919 1.092469 2.043504 2.200978 2.772255 1.539009 0.608640 246.860393
 70.299977 2.940092 1.121071 2.070517 2.065067 2.893477 1.510049 0.727879 250.145103
 70.399977 3.075805 1.168641 2.035787 2.210231 2.827246 1.479329 0.795936 250.543338
 70.499977 2.845307 1.126147 1.990679 2.190869 2.812790 1.515708 0.692050 250.676454
 70.599977 2.922671 1.109625 2.045762 2.155527 2.821594 1.500751 0.733037 251.813651
 70.699977 2.939066 1.149855 2.065991 2.164734 2.955947 1.492523 0.706836 252.508725
 70.799977 2.853469 1.134151 2.032876 2.189306 2.795037 1.516109 0.678773 252.561816
 70.899977 3.226655 1.123601 2.088106 2.069107 2.948425 1.485290 0.904872 247.751572
 70.999977 3.655379 1.034123 2.020587 2.214036 3.067948 1.579960 1.283049 202.123328
 71.099977 3.416945 1.058310 1.962091 2.187596 2.821302 1.513045 1.123148 233.256103
 71.199977 3.745214 1.125910 1.934831 2.219720 2.969201 1.546531 1.307234 191.850423
 71.299977 3.950497 1.097001 2.054898 2.162915 2.964800 1.523853 1.418415 158.173075
 71.399977 4.150194 1.132026 2.137275 2.344876 3.106528 1.543821 1.502579 93.179845
 71.499977 4.147785 1.128923 2.114454 2.318371 3.084899 1.548842 1.511458 96.432537
 71.599977 4.080968 1.141689 2.072356 2.270777 3.030495 1.517700 1.468457 123.559109
 71.699977 3.797484 1.048867 2.012253 2.174028 2.804715 1.525898 1.366642 188.670364
 71.799977 4.022073 1.055061 2.059405 2.230447 3.039353 1.540486 1.493550 145.454293
 71.899977 3.981319 1.093524 2.024941 2.254126 2.950516 1.526943 1.452684 158.543376
 71.999977 3.896397 1.112929 2.052548 2.203223 2.855978 1.534262 1.377341 178.031411
 72.099977 3.774665 1.172924 2.018812 2.214404 2.778431 1.489262 1.263271 194.913944
 72.199977 3.503443 1.122920 2.006515 2.146962 2.960288 1.460795 1.111799 225.507493
 72.299977 2.796900 1.129373 2.017619 2.127982 2.805247 1.490836 0.644662 252.424443
 72.399977 2.255743 1.128338 1.964828 2.065881 2.724269 1.559901 0.316812 214.787380
 72.499977 2.034014 1.161817 2.007250 2.046816 2.575718 1.529458 0.132503 171.576284
 72.599977 2.070693 1.177624 1.983516 2.029569 2.641469 1.511742 0.149812 179.808598
 72.699977 1.994808 1.143667 2.035721 2.009266 2.594847 1.495405 0.102994 167.673164
 72.799977 2.277308 1.123125 2.031744 2.131179 2.652964 1.500183 0.305378 220.618239
 72.899976 2.064618 1.156805 2.052441 2.104252 2.591946 1.515706 0.139329 181.399368
 72.999976 2.158158 1.107159 2.020321 2.040983 2.665449 1.526714 0.243751 201.890099
 73.099976 2.058641 1.130351 2.103459 2.051264 2.619054 1.493264 0.131323 182.194925
 73.199976 2.002457 1.178077 2.113617 1.983020 2.698783 1.512959 0.060213 173.218877
 73.299976 2.051158 1.157869 2.052863 1.973829 2.629426 1.468404 0.119948 183.026439
 73.399976 2.035667 1.150238 2.052307 2.012303 2.630248 1.517265 0.122973 181.212960
 73.499976 2.116742 1.159016 2.075955 2.083365 2.647284 1.501025 0.160924 198.460039
 73.599976 1.988741 1.118657 2.041382 1.997324 2.603188 1.533224 0.119165 175.372445
 73.699976 3.060776 1.155289 2.005005 2.263265 2.964086 1.534966 0.811301 254.041997
 73.799976 3.215953 1.138834 2.015441 2.151546 2.845705 1.497327 0.916593 250.391615
 73.899976 3.538619 1.080800 2.072023 2.236154 2.950687 1.530312 1.153291 222.436197
 73.999976 3.208824 1.114050 1.972114 2.235467 2.805631 1.554497 0.953091 251.559521
 74.099976 2.781430 1.143441 2.025616 2.140317 2.877420 1.463666 0.616939 253.147298
 74.199976 2.577005 1.100981 2.080896 2.112311 2.870051 1.495522 0.496384 244.647329
 74.299976 2.504440 1.150350 2.037138 2.078115 2.895700 1.526736 0.434371 241.339560
 74.399976 2.568792 1.151976 2.028892 2.185767 2.831313 1.521739 0.480298 245.533620
 74.499976 2.474399 1.082738 2.065442 2.139857 2.780761 1.530841 0.453321 241.044535
 74.599976 2.679327 1.094444 1.969202 2.149787 2.892552 1.550812 0.613563 252.137609
 74.699976 2.481735 1.067970 2.068649 2.130296 2.811349 1.562546 0.471037 242.512633
 74.799976 2.698858 1.061045 2.032512 2.086036 2.875798 1.505356 0.620132 253.870183
 74.899976 3.071992 1.084436 2.088856 2.216786 2.955707 1.536544 0.837604 256.087038
 74.999976 2.996331 1.105953 2.098381 2.150814 2.900891 1.506619 0.766080 257.337620
 75.099976 3.090356 1.141890 2.050293 2.212382 2.895386 1.504372 0.820869 256.954839
 75.199976 3.025351 1.178145 1.970653 2.190462 2.863457 1.504657 0.780713 258.365922
 75.299976 3.212638 1.094054 2.019743 2.169374 2.985633 1.538265 0.946051 253.868599
 75.399976 3.392033 1.105016 2.073696 2.270557 2.984066 1.552112 1.043064 240.511805
 75.499976 3.382728 1.089206 2.108724 2.199196 2.976709 1.542498 1.033655 242.145500
 75.599976 3.588306 1.105306 2.105453 2.167859 2.951057 1.530637 1.158385 218.414439
 75.699976 3.693243 1.123074 2.021275 2.185329 3.027115 1.512820 1.239501 206.558675
 75.799976 3.482117 1.163262 2.008502 2.307594 2.783911 1.502171 1.082553 233.043866
 75.899976 3.470248 1.117108 2.029564 2.146771 2.982239 1.534466 1.097213 235.149694
 75.999975 3.254135 1.030532 2.076611 2.128639 2.970456 1.522728 0.993930 254.254534
 76.099975 3.497618 1.109711 2.173458 2.224546 3.158150 1.513580 1.066842 232.985568
 76.199975 2.763012 1.121493 2.086905 2.160591 2.840918 1.510982 0.607478 257.107741
 76.299975 2.680819 1.074160 2.049014 2.110075 2.894400 1.503671 0.593800 254.945276
 76.399975 2.623869 1.121813 2.050780 2.149956 2.702349 1.500230 0.528249 252.776446
 76.499975 3.054089 1.052388 2.004908 2.125336 2.949154 1.536381 0.873435 260.527838
 76.599975 3.202766 1.044490 2.049516 2.089188 2.902639 1.502580 0.957532 258.038577
 76.699975 3.211281 1.104203 2.032798 2.211499 2.981967 1.586577 0.942339 258.305849
 76.799975 2.945579 1.099151 1.964659 2.161262 2.814380 1.506713 0.782802 261.588311
 76.899975 2.955049 1.095668 2.040206 2.235968 2.922014 1.515828 0.766560 262.251410
 76.999975 2.793350 1.108632 1.992368 2.255028 2.876703 1.602483 0.681629 260.629206
 77.099975 2.036369 1.142814 2.058870 1.942941 2.689366 1.534987 0.126933 184.765052
 77.199975 2.135124 1.153499 2.041042 2.047508 2.699965 1.555969 0.195271 205.670283
 77.299975 2.025348 1.147225 2.062062 2.006473 2.599000 1.533500 0.118071 184.648053
 77.399975 2.093769 1.138398 2.015103 2.073514 2.566107 1.486273 0.178504 199.234469
 77.499975 2.000470 1.165057 2.017760 2.034633 2.575365 1.493776 0.099029 182.288503
 77.599975 2.839315 1.099562 2.012260 2.205133 2.922286 1.523511 0.697533 262.093750
 77.699975 3.030406 1.125365 2.059760 2.236034 2.854125 1.517168 0.792113 263.778268
 77.799975 3.196347 1.081270 2.060881 2.198520 2.893252 1.530891 0.931279 260.640477
 77.899975 3.289711 1.076777 2.102164 2.223200 2.886776 1.493911 0.977000 255.779575
 77.999975 3.455300 1.136598 2.113363 2.194668 2.999406 1.502368 1.042188 240.117364
 78.099975 3.411251 1.086616 1.979375 2.171629 2.895256 1.568862 1.102180 245.900448
 78.199975 3.736510 1.082368 2.007316 2.250412 2.801953 1.524842 1.306714 204.174170
 78.299975 4.107245 1.137870 2.113768 2.304876 3.038294 1.558024 1.481289 119.922014
 78.399975 4.147196 1.181444 2.044085 2.294978 3.073218 1.521432 1.495381 105.873318
 78.499975 3.998108 1.109766 2.003470 2.179966 3.036540 1.516795 1.455953 161.152914
 78.599975 4.147601 1.149318 2.132669 2.284221 3.087359 1.562567 1.493711 108.824264
 78.699975 4.185289 1.156809 2.151334 2.290058 3.106043 1.517191 1.500134 95.420436
 78.799975 4.112513 1.150817 2.112508 2.236621 3.072994 1.522383 1.469617 127.102636
 78.899975 4.090907 1.124520 2.109901 2.189640 3.119241 1.523518 1.472131 137.089183
 78.999975 4.222403 1.152062 2.149077 2.252348 3.174776 1.503662 1.524539 85.520512
 79.099974 4.153056 1.197467 2.075293 2.388711 2.998243 1.528770 1.482265 116.533107
 79.199974 3.778625 1.118250 1.958829 2.151606 2.771302 1.534069 1.327922 203.627711
 79.299974 3.796838 1.078915 1.955801 2.174812 2.809128 1.547892 1.368390 202.814166
 79.399974 3.977091 1.142590 2.044869 2.236378 2.889202 1.467595 1.402941 177.437100
 79.499974 3.744161 1.076028 1.981522 2.118466 2.793315 1.560304 1.328688 209.387267
 79.599974 3.860248 1.095718 2.028098 2.233544 2.841753 1.557751 1.377076 198.805506
 79.699974 4.120124 1.153923 2.040645 2.350773 3.027812 1.550430 1.502789 133.537918
 79.799974 4.174513 1.127602 2.130149 2.224194 3.187434 1.540732 1.520382 112.643680
 79.899974 3.647352 1.113809 1.925835 2.056554 2.773548 1.529285 1.253043 220.769886
 79.999974 3.670130 1.120515 2.035593 2.268599 2.899137 1.532858 1.227955 219.241498
 80.099974 3.165990 1.047497 2.034422 2.131003 2.791847 1.480631 0.935542 263.643982
 80.199974 2.848193 1.134179 2.107644 2.164228 2.985865 1.470205 0.639253 263.555928
 80.299974 2.301812 1.101793 2.098510 2.116287 2.722732 1.539829 0.318265 233.670486
 80.399974 2.661923 1.110831 2.048543 2.123230 2.923576 1.530241 0.561112 257.482838
 80.499974 2.780317 1.124674 2.013630 2.135437 2.808878 1.586815 0.653167 263.025766
 80.599974 3.269224 1.132051 2.063923 2.289510 2.873141 1.476288 0.937990 259.836516
 80.699974 3.121217 1.094009 1.994873 2.226322 2.801318 1.516853 0.894944 266.033223
 80.799974 2.966839 1.071681 1.983315 2.128840 2.925671 1.530848 0.809852 266.934493
 80.899974 2.490405 1.059246 2.086783 1.978921 2.798543 1.501625 0.465581 247.476207
 80.999974 2.620285 1.084307 2.009069 2.064269 2.838166 1.449245 0.552366 256.738309
 81.099974 2.468012 1.097625 2.031471 2.097214 2.804673 1.524773 0.448552 247.174626
 81.199974 2.586189 1.082094 2.050759 2.074509 2.820678 1.554627 0.534630 255.660342
 81.299974 2.929714 1.111732 2.035182 2.274203 2.839156 1.524424 0.744434 267.570101
 81.399974 2.895751 1.077857 2.104740 2.070764 2.949902 1.522851 0.716581 267.792633
 81.499974 3.247784 1.131186 2.108636 2.239682 2.897131 1.490556 0.910909 262.609952
 81.599974 3.327590 1.150205 1.965244 2.213553 2.850615 1.480805 0.997375 257.550073
 81.699974 3.418557 1.097761 2.067546 2.232143 2.942921 1.494023 1.058694 249.524827
 81.799974 3.450785 1.081107 2.003232 2.232993 2.930390 1.509456 1.114712 246.640339
 81.899974 2.994287 1.117461 1.974407 2.258752 2.778743 1.514673 0.802861 269.467439
 81.999974 2.528407 1.066336 1.976397 2.051383 2.764232 1.462317 0.517603 252.625749
 82.099974 2.487758 1.138036 1.962072 2.115020 2.728615 1.499517 0.455685 250.425605
 82.199973 3.071651 1.110258 2.061107 2.122995 2.880936 1.470013 0.819634 270.028428
 82.299973 3.359527 1.106806 2.113190 2.141208 2.964403 1.515157 1.000637 256.894689
 82.399973 3.526811 1.065420 2.094464 2.129282 2.996532 1.512470 1.143275 238.713750
 82.499973 3.481570 1.065673 1.953322 2.203806 2.845296 1.519822 1.164650 245.023507
 82.599973 3.644093 1.118363 1.934463 2.187467 2.913179 1.477866 1.235505 225.249857
 82.699973 3.440650 1.077355 1.984125 2.087600 2.981925 1.514812 1.114900 250.922871
 82.799973 3.515972 1.128863 1.909445 2.253152 2.833502 1.538890 1.164112 242.696691
 82.899973 3.642457 1.100112 1.963053 2.137601 2.841006 1.509466 1.242948 227.185595
 82.999973 3.713049 1.051147 1.966509 2.186449 2.868238 1.530003 1.323787 219.725462
 83.099973 3.746577 1.073791 2.028832 2.086171 2.799562 1.484549 1.303854 216.937193
 83.199973 3.757626 1.046806 2.077027 2.157366 2.851118 1.563904 1.325212 216.621768
 83.299973 3.686103 1.077860 1.957229 2.096438 2.756081 1.541660 1.294690 225.194437
 83.399973 3.863693 1.092689 2.009866 2.108493 2.913399 1.539870 1.381633 205.846355
 83.499973 3.786623 1.055128 1.969096 2.113656 2.817803 1.487453 1.362536 215.953421
 83.599973 3.783854 1.112251 2.031975 2.127056 2.774035 1.531650 1.310615 217.103874
 83.699973 3.759882 1.074899 2.011405 2.186846 2.832688 1.499157 1.320344 220.472483
 83.799973 3.740972 1.076630 2.020098 2.109869 2.835283 1.528573 1.307575 223.235492
 83.899973 4.011605 1.127875 2.036264 2.204659 2.991971 1.519859 1.443928 178.148070
 83.999973 4.194113 1.158537 2.127937 2.376864 3.063445 1.496040 1.511036 107.929707
 84.099973 4.177771 1.116676 2.153488 2.205485 3.181171 1.518083 1.518418 117.197019
 84.199973 4.197369 1.210287 2.139757 2.310227 3.080530 1.499687 1.474845 110.472165
 84.299973 4.185059 1.209322 2.100713 2.335771 3.134145 1.517141 1.482042 117.916705
 84.399973 4.150241 1.148984 2.075779 2.303630 3.107496 1.580729 1.516977 134.944374
 84.499973 4.275800 1.172566 2.183114 2.316151 3.218446 1.552394 1.542655 81.715082
 84.599973 3.681818 1.114008 1.907786 2.039754 2.766460 1.493582 1.275973 230.855272
 84.699973 3.732895 1.071613 1.909883 2.145049 2.808317 1.493049 1.337054 226.881491
 84.799973 3.711196 1.069445 2.018418 2.078512 2.765013 1.517461 1.292543 229.637949
 84.899973 3.757667 1.075659 2.054514 2.180802 2.814706 1.517873 1.307491 226.176630
 84.999973 3.691549 1.107641 1.964065 2.179096 2.886552 1.550186 1.276020 232.962165
 85.099973 3.335956 1.118177 2.004432 2.203575 2.924430 1.492002 1.011159 263.562033
 85.199973 2.633705 1.127164 2.003847 2.078582 2.889307 1.479898 0.538731 260.905617
 85.299972 2.033131 1.125883 1.982325 2.006469 2.511279 1.516874 0.162601 189.750500
 85.399972 2.092191 1.129161 2.079210 2.052311 2.660125 1.533069 0.167633 202.773812
 85.499972 2.034530 1.118615 2.067973 2.043683 2.576798 1.523067 0.140207 191.991332
 85.599972 2.449307 1.092796 2.017816 2.107749 2.807745 1.552251 0.448200 249.257562
 85.699972 2.406972 1.093593 1.965241 2.058223 2.739276 1.491538 0.428300 247.096456
 85.799972 2.774233 1.114596 2.002599 2.282308 2.815520 1.539374 0.653402 267.971702
 85.899972 2.289202 1.151109 1.989008 1.972103 2.752478 1.561597 0.314702 237.954990
 85.999972 2.770818 1.089569 1.975619 2.226056 2.835728 1.529215 0.673773 268.483740
 86.099972 2.521329 1.054789 2.001894 2.089194 2.819820 1.552458 0.525537 256.160710
 86.199972 2.594531 1.163590 2.028472 2.256586 2.770978 1.534203 0.493832 261.545807
 86.299972 2.620276 1.147955 1.980983 2.166227 2.854789 1.543116 0.535328 263.685874
 86.399972 2.588103 1.110866 2.017850 2.083883 2.812846 1.502838 0.519951 262.302316
 86.499972 2.588038 1.145123 2.081131 2.136985 2.799147 1.486542 0.474994 262.882921
 86.599972 2.636692 1.112634 2.046602 2.050920 2.900935 1.512480 0.540780 266.329230
 86.699972 2.434778 1.059861 2.018178 2.085736 2.695862 1.489217 0.452294 253.001403
 86.799972 2.804000 1.088809 2.044529 2.121088 2.967082 1.535032 0.670603 271.881574
 86.899972 2.944714 1.114163 1.960962 2.212064 2.878265 1.514949 0.774106 272.652348
 86.999972 2.932858 1.105913 1.968470 2.157303 2.854620 1.534384 0.772164 273.212413
 87.099972 3.065960 1.113848 2.013535 2.143985 2.922995 1.555656 0.841915 273.198879
 87.199972 2.786752 1.079279 2.066792 2.078531 2.857786 1.456194 0.647602 273.258918
 87.299972 3.007179 1.141147 2.033385 2.219525 2.929921 1.493575 0.769581 274.345759
 87.399972 2.888088 1.045275 1.958912 2.159583 2.753338 1.523404 0.785912 274.988670
 87.499972 3.178499 1.071213 2.028974 2.172973 2.892988 1.534395 0.936819 272.317711
 87.599972 3.318500 1.110811 2.036186 2.173720 2.834220 1.492357 0.995660 266.239840
 87.699972 3.125778 1.151585 1.999146 2.324246 2.901651 1.535647 0.860708 274.614048
 87.799972 2.849879 1.140409 2.051377 2.244118 2.871404 1.527677 0.667041 275.712490
 87.899972 2.068938 1.118399 2.002412 1.930218 2.668095 1.534820 0.183276 200.858036
 87.999972 2.159489 1.173450 2.117875 2.043756 2.700615 1.486929 0.162192 220.619380
 88.099972 2.133165 1.109128 2.075501 2.062007 2.644740 1.517446 0.207052 216.182432
 88.199972 2.188879 1.105284 2.116716 2.062353 2.624455 1.468755 0.225666 227.712008
 88.299972 2.256413 1.079532 2.008516 1.959345 2.812571 1.582610 0.335482 238.934318
 88.399971 2.658265 1.118126 2.031480 2.192853 2.791320 1.520503 0.561519 270.615247
 88.499971 2.466591 1.165830 2.007377 2.142602 2.766033 1.521601 0.411586 258.161647
 88.599971 2.479698 1.091658 2.034122 2.158822 2.756247 1.521653 0.460526 259.691927
 88.699971 2.509397 1.112435 1.937825 2.112698 2.755751 1.488755 0.492451 262.431527
 88.799971 2.721477 1.117638 2.079764 2.199656 2.820569 1.497511 0.583637 274.874782
 88.899971 3.002570 1.099801 2.052559 2.208627 2.888346 1.504187 0.789786 277.086973
 88.999971 2.978639 1.062155 1.932691 2.154076 2.754918 1.512993 0.841566 277.741541
 89.099971 3.149099 1.043541 1.982572 2.094581 2.914570 1.479523 0.940828 275.643445
 89.199971 2.859531 1.088225 2.050800 2.036072 2.916866 1.466866 0.695052 278.413434
 89.299971 3.150947 1.170306 2.000973 2.298280 2.893279 1.494568 0.857905 276.287957
 89.399971 2.982075 1.099404 2.022499 2.152065 2.847617 1.493952 0.784986 279.397393
 89.499971 3.161383 1.104147 1.977985 2.247655 2.932671 1.568389 0.925950 276.807665
 89.599971 2.997746 1.112559 1.981525 2.102784 2.801894 1.503880 0.802131 280.223008
 89.699971 3.274025 1.082178 1.979318 2.227794 2.916215 1.549670 1.011569 271.920179
 89.799971 3.491810 1.128161 2.026049 2.133943 2.944027 1.487627 1.098675 254.133219
 89.899971 2.975684 1.084817 2.011555 2.252244 2.708903 1.512325 0.800820 280.956857
 89.999971 2.509164 1.155957 2.036560 2.239607 2.775962 1.552970 0.442415 263.565704
 90.099971 2.248767 1.153654 1.977143 2.096468 2.674107 1.590814 0.297798 239.873114
 90.199971 2.577393 1.104514 2.027293 2.021067 2.934662 1.538506 0.516293 269.347699
 90.299971 2.488421 1.103650 2.061091 2.176843 2.736568 1.510506 0.448441 263.398795
 90.399971 2.024916 1.085301 2.133067 1.980957 2.621109 1.486878 0.127053 195.659362
 90.499971 1.992512 1.129638 2.041432 2.113690 2.586024 1.621152 0.129884 190.214820
 90.599971 2.043801 1.151752 2.062758 2.032393 2.641668 1.516310 0.123761 201.727515
 90.699971 2.058027 1.091132 1.983396 1.972618 2.595343 1.495540 0.196015 205.806213
 90.799971 1.900376 1.174070 2.063600 2.053316 2.564976 1.543103 0.020087 179.558517
 90.899971 1.982733 1.180924 2.017933 1.979342 2.646232 1.534313 0.081107 192.307518
 90.999971 2.056703 1.148997 2.095629 1.984815 2.666877 1.464198 0.114080 208.261224
 91.099971 2.002137 1.132969 2.039723 1.992394 2.569370 1.526887 0.118837 197.842275
 91.199971 2.468020 1.096116 1.995026 2.069875 2.816729 1.523018 0.460671 263.056504
 91.299971 2.608491 1.096285 1.968614 2.221486 2.740102 1.522404 0.565256 273.044481
 91.399971 2.372850 1.074681 2.032271 2.017685 2.810797 1.529106 0.400116 257.261569
 91.499970 2.572320 1.122868 2.006693 2.133784 2.839079 1.524944 0.508773 271.658607
 91.599970 2.565879 1.106188 1.982456 2.186295 2.796842 1.546991 0.528334 271.788451
 91.699970 2.602779 1.107025 1.960506 2.137412 2.875544 1.575351 0.561638 274.615456
 91.799970 2.876097 1.181106 2.019279 2.242893 2.883377 1.537834 0.669532 282.034831
 91.899970 3.446984 1.099652 2.025541 2.175710 2.859760 1.555840 1.100852 259.119253
 91.999970 3.754187 1.079860 1.990074 2.221768 2.874563 1.536901 1.325753 228.613669
 92.099970 3.710272 1.063583 2.005030 2.180539 2.747902 1.545586 1.306067 233.631645
 92.199970 3.858104 1.146716 1.962127 2.197751 2.809977 1.466665 1.349815 218.698992
 92.299970 3.516289 1.105075 1.997518 2.135309 2.876215 1.505906 1.143666 253.924806
 92.399970 3.031840 1.154237 2.033983 2.258360 2.841209 1.522391 0.783912 282.071279
 92.499970 2.837108 1.152372 1.964485 2.197443 2.804018 1.542981 0.682557 282.702630
 92.599970 2.857379 1.136293 1.962870 2.253968 2.786377 1.532394 0.706364 283.316276
 92.699970 2.762161 1.156911 2.051818 2.159644 2.886560 1.513780 0.594660 282.626824
 92.799970 2.981314 1.138369 1.996398 2.216366 2.966104 1.561191 0.776259 283.975041
 92.899970 3.158369 1.140658 2.031482 2.302359 2.876687 1.529805 0.878179 280.446648
 92.999970 3.276943 1.062753 2.007903 2.086247 2.843276 1.508251 1.010336 274.651801
 93.099970 3.524906 1.122403 2.034637 2.201325 2.967838 1.526005 1.127779 254.094401
 93.199970 3.151506 1.087699 2.030819 2.171993 2.794742 1.504440 0.904905 281.761992
 93.299970 3.086308 1.102962 2.007571 2.154081 2.952620 1.485878 0.852996 284.112965
 93.399970 2.784154 1.144315 1.998972 2.151000 2.831106 1.487274 0.631702 284.199911
 93.499970 2.659488 1.039696 2.021693 2.087384 2.863989 1.568057 0.621768 280.144372
 93.599970 2.005642 1.142262 2.021056 1.916606 2.676520 1.505326 0.114711 199.711422
 93.699970 2.104132 1.163785 2.067043 2.103501 2.624661 1.519150 0.155925 221.538164
 93.799970 2.273392 1.120290 2.049250 2.080265 2.751820 1.558393 0.305411 250.393130
 93.899970 2.632978 1.136122 2.042646 2.147302 2.878095 1.506503 0.524816 279.291012
 93.999970 2.729828 1.148402 2.034485 2.209177 2.868428 1.559051 0.592588 284.194549
 94.099970 2.712794 1.070888 2.009606 2.153959 2.748966 1.484185 0.630486 284.099918
 94.199970 2.994792 1.103569 2.030665 2.215615 3.008228 1.544992 0.793321 286.618630
 94.299970 3.123500 1.068819 2.046975 2.141963 2.841146 1.541333 0.897967 284.347131
 94.399970 3.467107 1.062835 1.981506 2.118832 2.991756 1.558841 1.149822 260.667905
 94.499970 3.691294 1.097565 1.971986 2.247316 2.818317 1.523515 1.277859 238.107196
 94.599969 4.060856 1.114200 2.091337 2.293692 2.999370 1.541471 1.471607 174.416984
 94.699969 4.241991 1.203050 2.108785 2.356630 3.116807 1.488860 1.517295 99.908345
 94.799969 4.173254 1.119130 2.121423 2.306030 3.111088 1.519138 1.527083 132.722707
 94.899969 4.269583 1.198947 2.159989 2.328706 3.156154 1.523914 1.525800 91.529829
 94.999969 4.152597 1.138281 2.201080 2.199973 3.126729 1.503899 1.470851 145.348538
 95.099969 4.226373 1.173156 2.139671 2.336142 3.131730 1.548259 1.525238 114.425978
 95.199969 3.710013 1.047290 1.968403 2.171729 2.703335 1.488453 1.320466 237.593041
 95.299969 3.855520 1.121820 1.992164 2.098359 2.926009 1.525852 1.360349 223.993128
 95.399969 3.715705 1.076303 1.935107 2.107728 2.809221 1.548533 1.322623 238.396741
 95.499969 3.774582 1.110799 1.992338 2.100394 2.810419 1.492700 1.311267 233.699507
 95.599969 3.731944 1.085489 1.954173 2.125882 2.781447 1.523821 1.317980 238.348465
 95.699969 3.645265 1.034450 1.961428 2.118517 2.692944 1.508961 1.291231 246.911273
 95.799969 3.868564 1.087301 1.970607 2.114005 2.928603 1.500330 1.394798 225.358725
 95.899969 3.716809 1.078473 1.970147 2.062985 2.756208 1.480300 1.300344 241.638786
 95.999969 3.851858 1.123557 2.020847 2.075756 2.867937 1.481569 1.341400 228.781142
 96.099969 3.977450 1.095256 1.987919 2.198542 2.972052 1.472799 1.451570 208.392685
 96.199969 3.591897 1.038045 1.936361 2.106065 2.670472 1.580926 1.273452 253.799123
 96.299969 3.792059 1.084095 1.998692 2.086857 2.852152 1.488603 1.336585 237.041473
 96.399969 3.758489 1.085953 2.034720 2.151135 2.743882 1.520819 1.309397 240.902194
 96.499969 3.866137 1.091924 2.057052 2.138572 2.939259 1.533249 1.367022 230.057274
 96.599969 4.219787 1.140236 2.086451 2.416962 3.109408 1.529103 1.558286 120.727161
 96.699969 4.240748 1.221984 2.115289 2.351527 3.112485 1.532111 1.508744 112.935362
 96.799969 4.271753 1.203718 2.125483 2.319856 3.177284 1.527167 1.535392 100.753528
 96.899969 4.316879 1.206589 2.189662 2.393107 3.155047 1.508621 1.540647 83.038339
 96.999969 4.213159 1.172917 2.169358 2.335490 3.151459 1.511831 1.500782 131.920692
 97.099969 3.898067 1.111659 2.011773 2.127533 2.942071 1.490444 1.383131 228.365625
 97.199969 3.541012 1.038624 1.960888 2.117396 2.709919 1.571992 1.229286 259.749258
 97.299969 3.604103 1.095573 2.056205 2.112956 2.891437 1.520982 1.190498 255.596787
 97.399969 2.966035 1.040587 1.992881 2.186707 2.846649 1.565603 0.834332 287.763155
 97.499969 2.621207 1.089266 2.010173 2.154752 2.890930 1.592385 0.571719 280.150795
 97.599969 2.337304 1.069983 1.986812 2.068764 2.782081 1.619186 0.409920 257.912306
 97.699968 2.635793 1.069632 2.054912 2.184708 2.767323 1.519484 0.571046 281.802153
 97.799968 2.507434 1.086678 2.015159 2.103613 2.754615 1.533129 0.489575 272.761711
 97.899968 2.700050 1.098637 2.085041 2.208929 2.890044 1.538066 0.585218 285.906903
 97.999968 1.971005 1.160277 1.997479 2.082494 2.554704 1.575385 0.103114 195.158855
 98.099968 2.129397 1.137417 2.034158 2.033294 2.655219 1.512257 0.198213 229.311260
 98.199968 2.604257 1.111223 2.011408 2.109375 2.884135 1.517391 0.533576 281.181601
 98.299968 2.281172 1.102726 1.995411 2.084370 2.671101 1.505722 0.333205 254.283636
 98.399968 2.087830 1.147435 2.009913 2.041661 2.626685 1.511489 0.172689 221.724541
 98.499968 2.075543 1.158653 2.004140 2.034624 2.667534 1.562210 0.166129 219.820986
 98.599968 2.231807 1.151301 2.071854 2.024503 2.749607 1.509819 0.241972 249.832869
 98.699968 1.973166 1.137748 2.076927 2.055106 2.597233 1.552527 0.088479 199.029033
 98.799968 2.384966 1.182847 2.103344 2.122161 2.796821 1.487135 0.308709 265.785497
 98.899968 2.399208 1.122419 1.995691 2.084694 2.760622 1.509730 0.396969 267.425568
 98.999968 2.560832 1.116476 2.062348 2.222664 2.781361 1.523855 0.489137 279.791600
 99.099968 2.350367 1.129029 2.053396 2.099693 2.778575 1.540860 0.346097 264.518772
 99.199968 2.509668 1.154873 2.066172 2.146385 2.862438 1.532813 0.427740 277.017019
 99.299968 2.550221 1.066780 2.026442 2.090834 2.752953 1.530719 0.526726 280.406742
 99.399968 2.601738 1.169806 2.058483 2.182560 2.810568 1.491422 0.476314 284.225828
 99.499968 2.379216 1.091599 2.069603 2.020267 2.810747 1.491623 0.375126 268.400369
 99.599968 2.335459 1.092995 2.046501 2.071435 2.715309 1.514064 0.358953 265.220575
 99.699968 2.522370 1.117141 2.025994 2.200139 2.738495 1.544179 0.479046 280.201201
 99.799968 2.547396 1.167486 2.052209 2.120851 2.875075 1.508981 0.444696 282.397888
 99.899968 3.074427 1.131078 1.976540 2.242064 2.879016 1.488570 0.839813 287.180064
 99.999968 3.441242 1.088822 2.008459 2.220134 2.872512 1.526573 1.105390 268.088703
