#! FIELDS time d1 d2 cv b1.bias
 0.100000 1.769527 2.885517 -0.789005 0.000000
 0.200000 1.826936 3.363744 -1.086524 0.781500
 0.300000 1.798033 3.671859 -1.324795 2.279765
 0.400000 1.785618 3.667590 -1.330554 6.824296
 0.500000 1.800394 3.572964 -1.253207 11.101651
 0.600000 1.910659 2.845868 -0.661193 4.816767
 0.700000 1.837220 2.591321 -0.533149 4.753648
 0.800000 1.822708 3.170167 -0.952654 9.979512
 0.900000 1.781867 3.280403 -1.059465 13.635407
 1.000000 1.850565 2.680014 -0.586421 11.049971
 1.100000 1.866651 2.760253 -0.631777 15.322459
 1.200000 1.758101 3.326216 -1.108657 16.735072
 1.300000 1.759594 3.310553 -1.096528 19.054748
 1.400000 1.900612 2.802018 -0.637294 18.255602
 1.500000 1.834688 2.952268 -0.790130 21.251853
 1.599999 1.724233 3.032396 -0.924872 21.128622
 1.699999 1.883429 2.687475 -0.568461 20.327398
 1.799999 1.763408 2.720982 -0.677005 22.513500
 1.899999 1.860422 2.870857 -0.714377 27.448190
 1.999999 1.735277 3.239388 -1.063406 23.759255
 2.099999 1.836544 3.441764 -1.134891 23.162848
 2.199999 1.728979 3.711749 -1.401819 15.522933
 2.299999 1.842427 4.589163 -1.941943 0.002852
 2.399999 1.819319 5.138637 -2.346757 0.444712
 2.499999 1.768275 5.013131 -2.294113 5.368198
 2.599999 1.862037 4.732834 -2.029653 7.476263
 2.699999 1.781745 4.486840 -1.912502 7.211734
 2.799999 1.787724 3.933986 -1.517407 8.880783
 2.899999 1.788567 3.746119 -1.383989 19.575256
 2.999999 1.856538 3.836594 -1.399900 17.277579
 3.099999 1.862630 4.375246 -1.776419 9.264278
 3.199999 1.769590 4.232535 -1.741302 10.626254
 3.299999 1.758621 3.640152 -1.330242 26.692370
 3.399999 1.761744 3.213313 -1.026259 28.435633
 3.499999 1.777771 2.845868 -0.755145 29.426700
 3.599999 1.929208 2.429326 -0.353584 11.171492
 3.699999 1.755353 3.152982 -0.988124 30.211486
 3.799999 1.816437 3.292513 -1.043585 31.686720
 3.899999 1.968187 3.157599 -0.840914 26.606749
 3.999999 1.819797 2.763527 -0.667217 31.652396
 4.099999 1.951438 2.533758 -0.411700 20.102002
 4.199999 1.931731 2.661152 -0.515700 29.077474
 4.299999 1.831518 2.823693 -0.701467 36.301624
 4.399999 1.803393 3.176894 -0.971065 35.133594
 4.499999 1.942917 3.135872 -0.843419 31.885271
 4.599999 1.790470 3.299222 -1.066688 36.117706
 4.699998 1.747754 3.271634 -1.077383 36.519601
 4.799998 1.827665 2.911546 -0.766304 39.435089
 4.899998 1.916332 2.616730 -0.495181 30.231037
 4.999998 1.938376 2.577220 -0.451663 28.533536
 5.099998 2.193567 2.173178 0.014415 2.893734
 5.199998 3.207114 1.795156 0.998254 0.000000
 5.299998 3.927795 1.764807 1.529233 0.077849
 5.399998 3.965850 1.798516 1.532305 4.930706
 5.499998 3.596372 1.753323 1.303035 4.859160
 5.599998 2.684446 1.887913 0.563148 0.858259
 5.699998 3.025715 1.758350 0.896027 5.756091
 5.799998 3.212198 1.814266 0.988338 9.662027
 5.899998 2.953746 1.861037 0.772545 11.006881
 5.999998 2.644076 1.939270 0.498298 8.052587
 6.099998 2.812976 1.862283 0.672140 14.334924
 6.199998 2.828694 1.772504 0.746726 16.288022
 6.299998 2.987939 1.772835 0.859079 19.489670
 6.399998 3.392479 1.822918 1.109680 12.800023
 6.499998 3.948606 1.748226 1.555669 10.700128
 6.599998 3.395849 1.821328 1.113186 15.819185
 6.699998 3.391189 1.789156 1.132637 18.456173
 6.799998 3.822443 1.730516 1.478992 15.240920
 6.899998 4.145292 1.764078 1.683518 10.291792
 6.999998 4.707432 1.859703 2.013345 0.346282
 7.099998 5.062564 1.791369 2.312735 1.729283
 7.199998 4.808607 1.776005 2.144049 7.169065
 7.299998 4.426554 1.810598 1.849481 7.553496
 7.399998 3.974335 1.804057 1.534387 18.959708
 7.499998 3.476812 1.820546 1.170980 20.096717
 7.599998 2.752776 1.924272 0.585752 19.045971
 7.699998 2.551228 1.857619 0.490381 14.346948
 7.799997 3.020640 1.783129 0.874920 25.805643
 7.899997 3.140796 1.789840 0.955126 27.087474
 7.999997 2.573326 1.946095 0.443452 17.911419
 8.099997 2.832556 1.861076 0.686836 28.189077
 8.199997 3.223678 1.796226 1.009208 28.227222
 8.299997 3.087649 1.868108 0.862216 30.503818
 8.399997 2.519641 1.998006 0.368796 17.800052
 8.499997 2.872012 1.814739 0.747492 32.005770
 8.599997 3.364509 1.858851 1.064500 26.832513
 8.699997 4.161479 1.832053 1.646904 16.685556
 8.799997 4.612442 1.803285 1.986074 12.196904
 8.899997 4.450569 1.832774 1.850781 14.923061
 8.999997 4.618055 1.798409 1.993489 17.128485
 9.099997 4.975652 1.764347 2.270393 12.250958
 9.199997 5.402043 1.788505 2.554771 2.867828
 9.299997 4.684072 1.872004 1.988131 19.933664
 9.399997 4.457680 1.717771 1.937116 19.611207
 9.499997 3.702495 1.847130 1.311744 22.144897
 9.599997 2.757178 1.853125 0.639166 31.317901
 9.699997 2.676972 1.843125 0.589529 29.655506
 9.799997 2.754023 1.864321 0.629019 33.760200
 9.899997 2.489766 1.867314 0.440074 22.007507
 9.999997 2.844330 1.834259 0.714120 37.123141
 10.099997 3.227903 1.845914 0.977067 33.187872
 10.199997 3.683684 1.773067 1.350806 24.904702
 10.299997 4.001102 1.820367 1.541779 25.602824
 10.399997 4.080824 1.724883 1.665650 25.563441
 10.499997 4.430510 1.779878 1.873997 23.677224
 10.599997 4.673025 1.778757 2.046248 24.931173
 10.699997 4.545695 1.799722 1.941403 27.220125
 10.799997 4.366029 1.868412 1.765815 26.261382
 10.899996 4.175283 1.734408 1.725698 28.224932
 10.999996 3.655073 1.767789 1.334310 27.770595
 11.099996 2.935931 1.855805 0.763649 38.635863
 11.199996 2.353028 1.916638 0.308528 16.244533
 11.299996 3.118237 1.773152 0.950975 37.237757
 11.399996 3.280788 1.787534 1.055731 35.278832
 11.499996 3.688830 1.838061 1.308494 29.164922
 11.599996 3.617052 1.894392 1.217921 28.638441
 11.699996 3.309707 1.824877 1.049775 36.685532
 11.799996 2.705357 1.807913 0.634493 36.374389
 11.899996 2.592990 1.803912 0.557878 31.877207
 11.999996 3.025813 1.805990 0.862415 41.794430
 12.099996 3.604615 1.883656 1.216718 31.104194
 12.199996 4.186126 1.787175 1.696058 30.721050
 12.299996 4.203682 1.764099 1.724785 31.656556
 12.399996 4.283483 1.760603 1.783677 32.060600
 12.499996 4.166603 1.870590 1.623281 32.573636
 12.599996 3.821097 1.834318 1.404653 34.740233
 12.699996 3.416054 1.822158 1.126884 37.021091
 12.799996 3.035386 1.711610 0.935910 39.075196
 12.899996 3.116984 1.760192 0.959252 42.171240
 12.999996 3.479744 1.816848 1.175668 37.455893
 13.099996 3.543379 1.791895 1.238299 37.459559
 13.199996 3.580481 1.789629 1.266132 37.987206
 13.299996 3.387993 1.880393 1.065873 39.839713
 13.399996 3.264348 1.920394 0.950175 39.977246
 13.499996 3.468004 1.784253 1.190412 41.494348
 13.599996 3.654486 1.845111 1.279229 39.004869
 13.699996 3.651845 1.832562 1.286233 40.214682
 13.799996 3.806730 1.759900 1.447108 39.725757
 13.899996 3.594523 1.864656 1.223016 41.413923
 13.999995 3.421386 1.716908 1.205066 42.267463
 14.099995 2.657285 1.832499 0.583124 37.932798
 14.199995 2.485033 2.164350 0.226723 17.887010
 14.299995 2.727784 1.890543 0.591929 42.555926
 14.399995 2.895766 1.901426 0.702999 45.082314
 14.499995 2.731644 1.851162 0.622501 44.104143
 14.599995 2.585644 1.879877 0.498978 38.102528
 14.699995 2.474731 2.005555 0.331707 29.649271
 14.799995 2.369751 2.029530 0.240536 23.839391
 14.899995 2.819999 1.805932 0.716945 47.351015
 14.999995 3.367822 1.753552 1.141289 45.480512
 15.099995 3.496760 1.809063 1.193202 45.775953
 15.199995 3.483859 1.829857 1.169380 46.404856
 15.299995 3.177850 1.750719 1.008982 47.458440
 15.399995 2.675523 1.813357 0.609551 44.380162
 15.499995 2.863871 1.771107 0.772584 47.912566
 15.599995 3.030429 1.744230 0.909343 47.976567
 15.699995 2.926680 1.756084 0.827611 48.781288
 15.799995 2.605925 1.892057 0.504705 43.933896
 15.899995 2.607542 1.897802 0.501786 44.704099
 15.999995 2.947559 1.827119 0.792151 52.112922
 16.099995 3.006277 1.845759 0.820486 52.095110
 16.199995 2.935922 1.896148 0.735120 51.536479
 16.299995 2.485644 1.966339 0.367148 36.676748
 16.399995 1.764817 2.759745 -0.703414 37.798543
 16.499995 1.674337 3.172300 -1.059060 34.765497
 16.599995 1.840079 3.166042 -0.937456 40.550418
 16.699995 1.970972 3.109349 -0.804833 34.915325
 16.799995 1.802022 3.554632 -1.239095 33.992778
 16.899995 1.812340 4.247013 -1.721314 14.105025
 16.999995 1.839402 5.030520 -2.256120 11.505910
 17.099994 1.787036 5.256983 -2.453252 9.279336
 17.199994 1.698621 4.450464 -1.945553 16.075480
 17.299994 1.793629 3.639630 -1.305123 32.285521
 17.399994 1.771812 3.953492 -1.542448 20.732493
 17.499994 1.787496 4.893108 -2.195667 17.293419
 17.599994 1.789505 5.240269 -2.439691 13.988614
 17.699994 1.806562 5.023881 -2.274645 20.787288
 17.799994 1.788292 4.845342 -2.161335 22.021890
 17.899994 1.771337 4.878380 -2.196679 23.926196
 17.999994 1.797394 4.782615 -2.110551 25.114617
 18.099994 1.747619 4.096476 -1.660642 19.392661
 18.199994 1.805007 3.512103 -1.206916 38.021011
 18.299994 1.832144 3.513924 -1.189018 38.512518
 18.399994 1.840967 3.798400 -1.383905 29.943880
 18.499994 1.727640 4.184412 -1.736938 21.130889
 18.599994 1.798322 4.450487 -1.875081 24.667945
 18.699994 1.733298 4.179194 -1.729248 24.108208
 18.799994 1.900510 4.047716 -1.518075 24.267962
 18.899994 1.786349 4.163025 -1.680309 27.718676
 18.999994 1.813786 4.017968 -1.558357 29.998264
 19.099994 1.785902 3.980182 -1.551356 31.898499
 19.199994 1.825082 4.072908 -1.589213 31.709187
 19.299994 1.744797 3.916390 -1.535317 34.438604
 19.399994 1.727130 4.239938 -1.776555 31.018113
 19.499994 1.989496 4.117207 -1.504292 25.370059
 19.599994 1.736605 4.529441 -1.974535 28.549343
 19.699994 1.879891 4.749284 -2.028661 27.663598
 19.799994 1.740783 5.250123 -2.481104 18.679087
 19.899994 1.766726 5.376655 -2.552220 14.481954
 19.999994 1.829650 5.010248 -2.248683 30.095843
 20.099994 1.781223 4.718789 -2.076859 31.204405
 20.199993 1.800319 4.285151 -1.756777 35.000640
 20.299993 1.816540 3.693706 -1.327156 39.664199
 20.399993 1.745693 3.149101 -0.992209 42.539152
 20.499993 1.871605 2.964650 -0.772783 44.045456
 20.599993 1.846813 2.808359 -0.679813 43.703347
 20.699993 1.922983 2.504191 -0.410915 27.750869
 20.799993 1.809446 2.936584 -0.796886 46.047145
 20.899993 1.810070 3.301385 -1.054360 44.870920
 20.999993 1.874662 3.299636 -1.007457 43.834866
 21.099993 1.824667 3.168725 -0.950249 46.982227
 21.199993 1.958971 2.842301 -0.624514 42.148089
 21.299993 1.938354 2.481996 -0.384355 27.822528
 21.399993 2.012798 2.779693 -0.542195 38.356732
 21.499993 1.939747 2.941362 -0.708142 45.424341
 21.599993 1.768180 3.670299 -1.344798 41.283526
 21.699993 1.827587 4.063715 -1.580943 37.552120
 21.799993 1.810435 4.275641 -1.742901 36.830322
 21.899993 1.831977 4.218357 -1.687170 38.077867
 21.999993 1.782523 4.303078 -1.782032 38.317527
 22.099993 1.823842 4.443193 -1.851882 36.771638
 22.199993 1.748747 4.760545 -2.129341 32.842086
 22.299993 1.792416 5.357581 -2.520572 18.811955
 22.399993 1.757501 5.270382 -2.483607 25.490020
 22.499993 1.771546 4.616460 -2.011354 35.725740
 22.599993 1.829083 4.752434 -2.066810 35.892106
 22.699993 1.817517 4.859745 -2.150855 36.645248
 22.799993 1.823870 5.199412 -2.386508 30.945396
 22.899993 1.856079 5.414362 -2.515706 19.267112
 22.999993 1.807766 4.577703 -1.958346 38.803665
 23.099993 1.800981 3.736667 -1.368530 42.102086
 23.199993 1.782740 3.432989 -1.166726 46.071258
 23.299992 1.702269 2.911249 -0.854749 43.308889
 23.399992 1.831204 2.547156 -0.506178 34.791877
 23.499992 2.123998 2.458067 -0.236187 21.393237
 23.599992 1.933497 2.663572 -0.516163 43.837972
 23.699992 1.848502 2.756553 -0.641992 49.544340
 23.799992 1.993220 2.501324 -0.359229 32.972010
 23.899992 1.894648 2.630310 -0.520113 45.231866
 23.999992 1.864466 2.898332 -0.730943 52.370240
 24.099992 1.759375 3.082012 -0.935104 49.641111
 24.199992 1.763472 3.323122 -1.102673 48.098003
 24.299992 1.882196 3.409333 -1.079686 45.608995
 24.399992 1.772797 3.393709 -1.145985 48.596128
 24.499992 1.770851 3.203971 -1.013216 50.971721
 24.599992 1.802949 2.956283 -0.815407 53.405762
 24.699992 1.842362 3.071640 -0.869099 53.296101
 24.799992 1.768811 3.116974 -0.953151 52.630635
 24.899992 1.852995 2.921463 -0.755407 55.025329
 24.999992 1.901924 2.887301 -0.696662 54.054969
 25.099992 1.750589 3.152798 -0.991362 52.611549
 25.199992 1.814072 3.437456 -1.147732 49.826507
 25.299992 1.842128 3.593309 -1.238085 46.280855
 25.399992 1.789659 3.955952 -1.531569 42.076791
 25.499992 1.704373 4.243946 -1.795478 39.531569
 25.599992 1.781319 4.354000 -1.818885 42.226201
 25.699992 1.868149 4.415828 -1.801209 40.842995
 25.799992 1.718754 4.519777 -1.980323 39.810525
 25.899992 1.700599 4.383833 -1.897047 41.257382
 25.999992 1.920331 4.547425 -1.857355 38.393595
 26.099992 1.717985 4.519255 -1.980498 41.960498
 26.199992 1.752062 4.800111 -2.154971 39.978716
 26.299992 1.815159 5.184359 -2.382024 34.699693
 26.399991 1.769027 5.027598 -2.303810 39.505412
 26.499991 1.833801 4.991069 -2.232188 40.794322
 26.599991 1.885723 5.125427 -2.290471 37.027037
 26.699991 1.787543 5.252257 -2.449553 34.617651
 26.799991 1.815373 5.404405 -2.537446 25.240548
 26.899991 1.696638 5.241134 -2.505959 34.646969
 26.999991 1.785529 4.690105 -2.053535 44.222844
 27.099991 1.879831 4.187997 -1.631873 43.447797
 27.199991 1.821385 3.608043 -1.263167 47.510705
 27.299991 1.737665 3.096858 -0.960949 52.998370
 27.399991 1.849989 2.614401 -0.540439 45.988321
 27.499991 1.982720 2.427566 -0.314506 30.533128
 27.599991 1.922940 2.518858 -0.421315 40.305889
 27.699991 2.028627 2.361078 -0.235044 26.658656
 27.799991 2.558091 2.098808 0.324713 33.579897
 27.899991 2.770923 1.702529 0.755355 44.331419
 27.999991 2.932981 1.759061 0.829962 52.256535
 28.099991 3.453937 1.722170 1.224359 45.789402
 28.199991 3.972694 1.845959 1.503602 39.100038
 28.299991 4.460707 1.759044 1.910076 32.903526
 28.399991 4.496406 1.857358 1.865807 33.314508
 28.499991 5.128188 1.765114 2.377693 13.718215
 28.599991 5.289041 1.788676 2.474758 11.825406
 28.699991 4.745059 1.809431 2.075488 30.087905
 28.799991 5.265567 1.748133 2.486826 15.394516
 28.899991 5.112229 1.859276 2.299838 20.878909
 28.999991 5.049615 1.792755 2.302600 25.034040
 29.099991 5.179617 1.844269 2.358091 22.971448
 29.199991 4.744412 1.776948 2.097997 33.287349
 29.299991 4.517663 1.753664 1.954147 36.381742
 29.399991 3.884802 1.793963 1.478223 42.474701
 29.499990 3.099742 1.798346 0.920087 53.339306
 29.599990 2.145438 2.208892 -0.044862 20.127719
 29.699990 1.743033 2.982772 -0.876495 54.014219
 29.799990 1.809701 3.183958 -0.971600 55.800097
 29.899990 1.824027 3.524131 -1.201973 49.977186
 29.999990 1.744522 3.865597 -1.499600 44.051078
 30.099990 1.794787 3.973006 -1.540001 45.452024
 30.199990 1.887121 3.758657 -1.323176 44.387625
 30.299990 1.865557 3.693830 -1.292589 47.139073
 30.399990 1.767712 3.524337 -1.241934 51.638709
 30.499990 1.765628 3.284253 -1.073668 55.206443
 30.599990 1.817762 3.240856 -1.006128 56.654835
 30.699990 1.836438 3.392131 -1.099875 54.745117
 30.799990 1.838521 3.293908 -1.028958 56.475452
 30.899990 1.940031 3.282758 -0.949307 50.116333
 30.999990 1.860811 3.513256 -1.168278 52.692504
 31.099990 1.843327 3.701109 -1.313452 49.912558
 31.199990 1.786440 3.783918 -1.412217 49.528754
 31.299990 1.822301 3.844766 -1.429883 48.941762
 31.399990 1.808103 3.983332 -1.537887 48.232101
 31.499990 1.810679 3.683905 -1.324371 52.755433
 31.599990 1.762079 3.725119 -1.387869 51.974670
 31.699990 1.816220 3.723324 -1.348322 52.975299
 31.799990 1.833710 3.704056 -1.322335 53.407568
 31.899990 1.928656 3.426392 -1.058900 51.372481
 31.999990 1.916457 3.369785 -1.027503 53.595283
 32.099990 2.037335 2.776185 -0.522367 45.289538
 32.199990 1.793118 2.618243 -0.583364 47.537595
 32.299990 1.894989 3.298530 -0.992304 56.447861
 32.399990 1.786236 3.852439 -1.460806 51.836139
 32.499990 1.764688 3.938677 -1.537010 50.513737
 32.599989 1.767059 4.201730 -1.721312 48.987430
 32.699989 1.814239 4.439686 -1.856191 47.891949
 32.799989 1.786625 5.087455 -2.333687 43.768407
 32.899989 1.822629 5.158445 -2.358422 42.596601
 32.999989 1.768267 4.713511 -2.082288 45.356015
 33.099989 1.846405 4.038970 -1.550143 50.014947
 33.199989 1.755996 3.399181 -1.161731 58.516067
 33.299989 1.875018 2.694509 -0.579380 55.246018
 33.399989 2.116739 2.321310 -0.144632 26.090574
 33.499989 2.680981 1.963882 0.506989 49.328367
 33.599989 3.313645 1.823112 1.053807 51.442110
 33.699989 4.002629 1.810778 1.549639 41.563208
 33.799989 4.405761 1.788308 1.850539 38.335046
 33.899989 4.789520 1.788026 2.122057 34.544880
 33.999989 5.272651 1.859873 2.412834 21.612708
 34.099989 5.292020 1.780625 2.482556 23.406558
 34.199989 4.928308 1.867723 2.163834 32.520577
 34.299989 5.238300 1.788807 2.438791 27.857498
 34.399989 5.223867 1.795092 2.424144 29.853258
 34.499989 4.843586 1.763141 2.177874 36.563772
 34.599989 4.374252 1.794806 1.823668 39.834945
 34.699989 3.976821 1.852831 1.501661 41.967918
 34.799989 3.371071 1.927336 1.020721 45.912150
 34.899989 2.970901 1.762777 0.854144 53.963544
 34.999989 2.766736 1.851995 0.646721 55.333042
 35.099989 3.095307 1.835274 0.890843 55.171812
 35.199989 3.386451 1.757659 1.151556 50.986371
 35.299989 3.859047 1.781726 1.468666 45.225945
 35.399989 4.154100 1.775983 1.681329 42.217642
 35.499989 4.001044 1.808640 1.550029 44.928263
 35.599989 4.071985 1.766371 1.630069 44.623568
 35.699988 4.292419 1.871775 1.711395 40.577116
 35.799988 4.588820 1.683995 2.053711 37.286038
 35.899988 4.253418 1.858342 1.693319 42.625304
 35.999988 3.738601 1.889107 1.307593 45.051589
 36.099988 3.382402 1.863695 1.073726 51.766937
 36.199988 2.929256 1.744642 0.837523 53.992606
 36.299988 3.335946 1.775722 1.103078 53.719339
 36.399988 4.101435 1.736783 1.671809 45.515558
 36.499988 4.187504 1.751668 1.722136 45.565049
 36.599988 4.310016 1.916771 1.692025 40.470179
 36.699988 4.467659 1.729485 1.935889 43.142061
 36.799988 4.901886 1.787202 2.202081 38.054724
 36.899988 5.543375 1.825745 2.628365 13.204346
 36.999988 4.985321 1.710585 2.315239 35.692161
 37.099988 4.671981 1.819593 2.016638 43.634772
 37.199988 4.760502 1.846766 2.060011 42.269618
 37.299988 5.085231 1.764401 2.347826 37.612064
 37.399988 5.293530 1.804289 2.466894 31.564776
 37.499988 5.425170 1.743886 2.602668 24.401113
 37.599988 4.964086 1.809097 2.230578 41.693836
 37.699988 4.648932 1.758300 2.043677 45.401946
 37.799988 4.347380 1.843763 1.770057 46.633979
 37.899988 4.061259 1.879065 1.542811 46.474646
 37.999988 3.822945 1.803163 1.427986 49.708062
 38.099988 3.277387 1.776410 1.061191 54.905019
 38.199988 2.447062 1.896841 0.389007 37.578313
 38.299988 2.428031 2.134445 0.207565 30.542507
 38.399988 2.716000 1.958966 0.535223 52.929859
 38.499988 2.629213 1.812020 0.577756 50.477784
 38.599988 2.894580 1.789590 0.781228 57.825589
 38.699988 2.900838 1.741500 0.819652 55.298275
 38.799987 3.093062 1.844905 0.882447 57.740372
 38.899987 3.104824 1.764060 0.947920 57.218778
 38.999987 2.982562 1.790288 0.842938 59.294769
 39.099987 2.696247 1.859254 0.591754 56.943729
 39.199987 2.916316 1.758581 0.818519 58.230538
 39.299987 2.990224 1.809689 0.834638 60.597710
 39.399987 3.144774 1.951564 0.843600 51.045807
 39.499987 3.458331 1.778908 1.187352 53.755667
 39.599987 3.477499 1.774523 1.204004 53.722323
 39.699987 3.575176 1.864981 1.209108 51.315599
 39.799987 3.494884 1.766544 1.221936 54.051475
 39.899987 3.380012 1.717522 1.175380 53.729919
 39.999987 3.473390 1.752694 1.216532 54.754223
 40.099987 3.679009 1.765317 1.352980 52.129061
 40.199987 3.721723 1.822123 1.343017 52.380238
 40.299987 3.780868 1.801050 1.399732 52.540117
 40.399987 3.659886 1.845759 1.282588 53.478957
 40.499987 3.664034 1.935819 1.221848 47.594667
 40.599987 3.650218 1.866408 1.261154 53.737156
 40.699987 3.409465 1.812792 1.128848 59.144498
 40.799987 3.151075 1.768706 0.977335 60.334751
 40.899987 2.981589 1.747061 0.872811 59.455324
 40.999987 2.952701 1.793397 0.819628 62.072868
 41.099987 3.128744 1.931822 0.846223 55.830330
 41.199987 3.343872 1.874163 1.039085 58.875320
 41.299987 3.119396 1.909272 0.855558 58.691008
 41.399987 3.164386 1.801102 0.963842 62.884229
 41.499987 3.204193 1.761597 1.019915 61.787915
 41.599987 3.226679 1.832712 0.985535 62.894762
 41.699987 3.238533 1.922615 0.930354 57.516335
 41.799987 2.959743 1.838509 0.792713 64.372260
 41.899986 2.720003 1.785606 0.660619 57.090441
 41.999986 2.705560 1.874759 0.587377 59.637502
 42.099986 2.842251 1.822250 0.721141 63.879632
 42.199986 2.719087 1.822300 0.634029 59.980288
 42.299986 2.502237 1.978716 0.370129 45.512813
 42.399986 2.369387 2.056006 0.221561 34.140335
 42.499986 2.304391 1.996170 0.217912 31.151654
 42.599986 2.405141 2.272759 0.093594 25.036768
 42.699986 1.757733 2.755484 -0.705410 53.592387
 42.799986 1.965027 2.361339 -0.280193 33.268065
 42.899986 1.761217 2.957603 -0.845845 58.337334
 42.999986 1.866482 3.090165 -0.865144 60.036171
 43.099986 1.795764 2.923937 -0.797618 60.511850
 43.199986 1.771031 2.810582 -0.734963 57.750107
 43.299986 1.821945 2.918181 -0.775039 61.874721
 43.399986 1.800718 2.843456 -0.737216 60.819319
 43.499986 1.838642 2.700969 -0.609665 58.032187
 43.599986 1.909548 2.572896 -0.468988 51.366854
 43.699986 1.752417 3.078215 -0.937339 60.281103
 43.799986 1.750390 3.192538 -1.019599 60.456013
 43.899986 1.877002 3.239026 -0.962951 60.267951
 43.999986 1.843840 3.129314 -0.908829 62.837936
 44.099986 1.793582 3.191621 -0.988414 63.023099
 44.199986 1.827011 3.411746 -1.120408 61.056787
 44.299986 1.824508 3.670831 -1.305351 56.833695
 44.399986 1.903092 3.951629 -1.448315 48.347966
 44.499986 1.833315 3.663349 -1.293834 57.446001
 44.599986 1.865554 3.439818 -1.113005 60.057853
 44.699986 1.755032 3.347178 -1.125647 61.848187
 44.799986 1.875861 3.223153 -0.952535 62.281112
 44.899986 1.783916 2.933922 -0.813054 63.131794
 44.999985 2.094090 2.251694 -0.111426 28.791699
 45.099985 1.915463 2.608434 -0.489930 54.738733
 45.199985 1.863763 2.778435 -0.646673 63.002093
 45.299985 1.767634 3.105205 -0.945662 63.813644
 45.399985 1.808716 3.372927 -1.105897 63.708436
 45.499985 1.870350 3.648704 -1.257296 57.110566
 45.599985 1.822010 4.139772 -1.638657 51.338134
 45.699985 1.723959 4.207475 -1.755846 49.582025
 45.799985 1.740330 4.157481 -1.708925 51.220099
 45.899985 1.832101 3.889513 -1.454591 54.980452
 45.999985 1.813364 3.831756 -1.427003 56.669776
 46.099985 1.806905 3.925698 -1.497986 55.675313
 46.199985 1.760616 3.796027 -1.439036 57.339814
 46.299985 1.736431 3.598973 -1.316817 59.449760
 46.399985 1.786278 3.637624 -1.308901 61.215317
 46.499985 1.739981 3.858385 -1.497712 56.260265
 46.599985 1.987250 3.503870 -1.072251 49.178545
 46.699985 1.880137 3.444625 -1.106093 62.080334
 46.799985 1.872560 3.444259 -1.111191 62.903464
 46.899985 1.895647 3.530105 -1.155562 60.456591
 46.999985 1.751898 3.274283 -1.076326 64.730488
 47.099985 1.713097 3.045691 -0.942144 60.341714
 47.199985 1.884356 3.357781 -1.041711 63.794407
 47.299985 1.793921 3.911555 -1.497167 57.707296
 47.399985 1.856738 4.572104 -1.919764 46.953939
 47.499985 1.780832 5.146576 -2.379580 43.991702
 47.599985 1.752657 5.272523 -2.488545 38.294648
 47.699985 1.795450 5.087199 -2.327267 46.903341
 47.799985 1.797396 5.265109 -2.451673 40.705859
 47.899985 1.758090 5.526535 -2.664291 19.679442
 47.999985 1.817164 5.409968 -2.540112 31.896420
 48.099984 1.761835 4.702873 -2.079314 47.099435
 48.199984 1.832109 4.015987 -1.544002 55.871286
 48.299984 1.796835 3.829962 -1.437421 60.047855
 48.399984 1.786347 3.754772 -1.391676 61.737418
 48.499984 1.810893 3.183735 -0.970600 67.132454
 48.599984 1.728623 2.919080 -0.841653 60.569863
 48.699984 1.944296 2.952024 -0.712464 60.901227
 48.799984 1.758515 2.985420 -0.867422 64.628599
 48.899984 1.725731 2.822430 -0.775366 58.571016
 48.999984 1.854688 2.769957 -0.647095 64.494391
 49.099984 1.915404 2.795172 -0.621996 63.789505
 49.199984 1.910307 2.739922 -0.586538 62.995895
 49.299984 1.811713 2.536643 -0.512526 48.459169
 49.399984 2.018394 2.468835 -0.318462 44.101386
 49.499984 2.433472 2.343295 0.063755 22.338422
 49.599984 2.810765 1.899080 0.644561 63.902805
 49.699984 2.286646 1.990298 0.209518 33.173456
 49.799984 2.738350 1.787152 0.672497 60.753396
 49.899984 3.011106 1.854771 0.817528 65.657298
 49.999984 3.336040 1.778166 1.101417 62.464056
 50.099984 3.613946 1.797088 1.284518 57.514814
 50.199984 4.111254 1.776614 1.650591 50.739303
 50.299984 4.193940 1.831735 1.670079 49.747688
 50.399984 3.781916 1.777583 1.417063 55.118591
 50.499984 3.516064 1.732560 1.260937 57.759130
 50.599984 3.263628 1.821135 1.019842 64.652642
 50.699984 2.624620 1.859670 0.540819 58.813276
 50.799984 2.573719 1.821815 0.531596 53.779734
 50.899984 2.694419 1.849622 0.597271 63.037178
 50.999984 2.810600 1.834660 0.689990 66.545872
 51.099984 2.766186 1.854648 0.644458 66.108441
 51.199983 2.667713 1.837834 0.586724 62.119591
 51.299983 2.708186 1.814015 0.632179 63.380192
 51.399983 2.379252 1.975314 0.285584 42.624522
 51.499983 2.656718 1.765046 0.630412 57.348836
 51.599983 2.939833 1.937659 0.708537 63.007860
 51.699983 3.269727 1.942120 0.938618 57.142384
 51.799983 3.449809 1.809267 1.159863 62.549834
 51.899983 3.635033 1.795246 1.300730 58.716298
 51.999983 4.022258 1.691478 1.647861 49.291917
 52.099983 4.143771 1.850113 1.621616 50.851005
 52.199983 4.660819 1.814325 2.012472 47.112903
 52.299983 5.346131 1.772190 2.526776 31.639398
 52.399983 5.480781 1.758108 2.631930 23.757631
 52.499983 5.159123 1.778609 2.390023 41.339295
 52.599983 4.744073 1.777113 2.097641 46.599119
 52.699983 4.492719 1.776859 1.920113 49.505122
 52.799983 4.130557 1.798104 1.649044 53.123503
 52.899983 3.456750 1.777763 1.187044 62.588395
 52.999983 2.867495 1.728272 0.805430 62.619716
 53.099983 2.489770 1.871822 0.436890 51.613006
 53.199983 2.851405 1.913666 0.662981 67.069727
 53.299983 2.922302 1.829067 0.772917 69.596547
 53.399983 2.828565 1.914032 0.646575 67.611207
 53.499983 2.799709 1.879240 0.650772 69.271415
 53.599983 2.907129 1.868381 0.734395 69.821846
 53.699983 2.786717 1.868282 0.649334 69.728642
 53.799983 2.859548 1.718214 0.806923 62.907773
 53.899983 2.489566 1.887616 0.425578 53.245205
 53.999983 1.680801 2.933378 -0.885572 57.274611
 54.099983 2.398826 2.310823 0.062218 28.604144
 54.199983 2.298211 2.031122 0.188831 38.638024
 54.299982 1.741996 2.843229 -0.778571 62.668165
 54.399982 1.874549 3.071032 -0.845913 67.408547
 54.499982 1.791564 3.066128 -0.901117 68.654189
 54.599982 1.954156 2.536151 -0.411470 52.620187
 54.699982 2.131364 2.464034 -0.235198 39.426180
 54.799982 1.730710 2.895162 -0.823268 63.556353
 54.899982 1.867311 2.445326 -0.408657 45.002474
 54.999982 2.096883 2.341610 -0.173022 38.719853
 55.099982 1.763182 2.913758 -0.813458 67.113870
 55.199982 1.888637 2.875263 -0.697544 68.872017
 55.299982 2.226928 2.371753 -0.102391 35.395675
 55.399982 1.807788 2.649244 -0.594909 60.989250
 55.499982 1.822397 2.632551 -0.572779 61.042083
 55.599982 2.012969 2.558145 -0.385440 54.513924
 55.699982 2.184950 2.483178 -0.210848 38.667086
 55.799982 1.691489 2.909735 -0.861300 60.587640
 55.899982 2.154703 2.380641 -0.159738 41.093553
 55.999982 1.995608 2.602826 -0.429303 59.134872
 56.099982 1.844912 2.874850 -0.728166 71.368691
 56.199982 1.759289 2.756089 -0.704738 64.715810
 56.299982 2.101439 2.488672 -0.273773 47.812997
 56.399982 2.838742 1.838265 0.707337 71.163081
 56.499982 2.730107 2.075505 0.462803 52.416673
 56.599982 2.859238 1.748855 0.785041 67.005001
 56.699982 2.756914 1.888389 0.614048 70.610698
 56.799982 2.528664 1.865878 0.468590 58.059698
 56.899982 2.528596 1.880928 0.457901 59.020410
 56.999982 2.890389 1.849164 0.736146 72.346643
 57.099982 3.236257 1.777589 1.031279 66.790248
 57.199982 3.092053 1.954428 0.804300 60.893064
 57.299982 2.942408 1.908593 0.730908 69.557669
 57.399981 2.598571 1.762678 0.590976 57.188817
 57.499981 2.345453 2.105774 0.169453 44.344003
 57.599981 2.226703 2.236463 -0.006901 40.100272
 57.699981 2.001171 2.517171 -0.364812 56.325299
 57.799981 1.806919 2.797309 -0.700206 70.185918
 57.899981 1.995553 2.687111 -0.488931 62.906900
 57.999981 2.187358 2.510277 -0.228304 41.861276
 58.099981 2.538335 1.953848 0.413232 61.663859
 58.199981 2.333048 2.222313 0.078290 42.060033
 58.299981 2.005570 2.603127 -0.422472 61.187028
 58.399981 1.809746 2.699707 -0.629203 67.653833
 58.499981 1.753066 2.665161 -0.644852 60.797310
 58.599981 1.998726 2.381349 -0.270514 48.951994
 58.699981 1.868352 2.700527 -0.588348 70.697329
 58.799981 1.839439 3.085349 -0.880858 70.993985
 58.899981 1.791167 3.304886 -1.070199 68.871459
 58.999981 1.798320 3.425747 -1.150591 67.686194
 59.099981 1.701267 3.423935 -1.217926 62.362865
 59.199981 1.793982 3.004029 -0.855503 71.988310
 59.299981 1.969167 2.647746 -0.479755 66.376951
 59.399981 1.780668 2.536972 -0.534707 54.237385
 59.499981 2.253479 2.353322 -0.070589 41.396006
 59.599981 2.715048 2.092322 0.440268 52.752996
 59.699981 2.711902 1.928612 0.553786 70.765922
 59.799981 2.469549 2.128975 0.240786 50.344498
 59.899981 2.117902 2.366116 -0.175488 48.187295
 59.999981 1.965035 2.614609 -0.459249 66.606584
 60.099981 1.890865 2.906418 -0.717996 72.787401
 60.199981 1.938834 3.063019 -0.794798 65.616147
 60.299981 1.768293 3.216775 -1.024077 70.035958
 60.399981 1.864189 2.936743 -0.758295 73.937453
 60.499980 1.792926 3.017475 -0.865756 72.985891
 60.599980 1.731819 3.425922 -1.197730 65.720218
 60.699980 1.795715 3.731989 -1.368946 63.110868
 60.799980 1.798262 4.233932 -1.722019 54.167245
 60.899980 1.824404 4.630676 -1.984034 48.760825
 60.999980 1.739682 5.145994 -2.408262 47.224684
 61.099980 1.884566 5.325156 -2.432497 37.887385
 61.199980 1.779780 5.588717 -2.692918 18.419216
 61.299980 1.765321 5.052828 -2.324267 50.442392
 61.399980 1.776068 4.756553 -2.107203 48.974962
 61.499980 1.811865 4.065742 -1.593491 56.889110
 61.599980 1.815674 3.626382 -1.280170 65.614201
 61.699980 1.736027 3.315310 -1.116553 67.936689
 61.799980 1.707532 3.066103 -0.960510 66.754387
 61.899980 1.751349 2.677694 -0.654926 63.573044
 61.999980 1.810713 2.635113 -0.582851 66.751585
 62.099980 1.911680 2.578372 -0.471351 66.955241
 62.199980 1.894192 2.553183 -0.465907 65.118524
 62.299980 1.787924 2.587637 -0.565397 61.758206
 62.399980 1.763968 2.921025 -0.818040 72.781987
 62.499980 1.950785 2.994561 -0.737950 67.403643
 62.599980 1.849896 3.143493 -0.914573 72.755893
 62.699980 1.900168 2.795289 -0.632851 75.478532
 62.799980 1.768768 2.596396 -0.585133 61.089955
 62.899980 2.099817 2.312157 -0.150125 47.214659
 62.999980 2.360776 2.217464 0.101321 45.195395
 63.099980 2.752164 1.737021 0.717706 64.993431
 63.199980 2.843746 1.756238 0.768869 69.803173
 63.299980 3.197764 1.786121 0.998031 68.484914
 63.399980 3.799801 1.839592 1.385868 56.366363
 63.499980 4.335907 1.711460 1.855484 48.427504
 63.599979 4.767826 1.736653 2.143039 46.066467
 63.699979 5.202725 1.795713 2.408757 41.420480
 63.799979 5.151568 1.884138 2.310073 40.745652
 63.899979 4.994300 1.828628 2.238130 45.789181
 63.999979 4.852804 1.904596 2.084383 44.022864
 64.099979 5.130830 1.809002 2.348532 45.496928
 64.199979 5.115092 1.799659 2.344011 46.511179
 64.299979 4.895835 1.823211 2.172345 48.858816
 64.399979 4.540834 1.735149 1.983619 50.051056
 64.499979 3.848378 1.866574 1.401135 54.977267
 64.599979 3.299558 1.881848 1.002321 64.862438
 64.699979 3.186746 1.792433 0.985779 69.344491
 64.799979 3.467998 1.844968 1.147482 63.713525
 64.899979 3.538540 1.800288 1.228944 62.961167
 64.999979 3.700560 1.812716 1.334706 59.777390
 65.099979 4.072955 1.772292 1.626569 55.279172
 65.199979 4.293319 1.818281 1.749852 52.925107
 65.299979 4.237765 1.856715 1.683402 52.573481
 65.399979 4.357872 1.916283 1.726204 48.072479
 65.499979 4.685651 1.720829 2.096129 49.513787
 65.599979 5.023350 1.814222 2.268853 48.979611
 65.699979 5.152742 1.764871 2.395224 46.942770
 65.799979 4.795049 1.820127 2.103270 51.812121
 65.899979 4.481193 1.726901 1.947284 52.029928
 65.999979 3.719612 1.889675 1.293766 56.646920
 66.099979 3.403259 1.839983 1.105236 66.235218
 66.199979 2.967043 1.870448 0.775293 73.056599
 66.299979 2.817745 1.785632 0.729704 72.464521
 66.399979 3.155693 1.751559 0.992723 68.821170
 66.499979 3.310406 1.729488 1.117709 65.307996
 66.599979 3.558504 1.760878 1.270922 62.875200
 66.699978 3.847039 1.728551 1.497771 57.097871
 66.799978 4.173322 1.766228 1.701815 55.970279
 66.899978 4.354809 1.767064 1.829536 54.883373
 66.999978 4.386895 1.752271 1.862679 54.694723
 67.099978 4.116383 1.831655 1.615303 57.227115
 67.199978 3.795928 1.790954 1.417517 60.528237
 67.299978 3.383272 1.736792 1.164062 65.379223
 67.399978 2.796586 1.855188 0.665569 75.143464
 67.499978 2.785156 1.850439 0.660845 75.129428
 67.599978 2.781182 1.754812 0.725643 69.456735
 67.699978 2.520660 1.843488 0.478761 59.948152
 67.799978 2.752984 1.837908 0.646958 74.785677
 67.899978 2.632116 1.970681 0.467634 68.681106
 67.999978 2.340824 1.924148 0.294590 46.244446
 68.099978 2.630607 1.968357 0.468211 69.329415
 68.199978 2.487124 2.119874 0.259646 53.907097
 68.299978 2.693911 2.057193 0.450160 61.345391
 68.399978 2.910702 2.071729 0.593154 52.018957
 68.499978 3.456589 1.810051 1.164102 67.095748
 68.599978 3.506092 1.687664 1.285628 59.287873
 68.699978 3.641345 1.830498 1.280269 63.371167
 68.799978 3.782251 1.761425 1.428723 60.962319
 68.899978 3.531387 1.904978 1.149871 61.792234
 68.999978 3.514500 1.827045 1.193031 66.987061
 69.099978 3.679621 1.808320 1.323010 64.005267
 69.199978 4.153064 1.820350 1.649229 57.974623
 69.299978 4.360829 1.724052 1.864201 54.379224
 69.399978 4.451247 1.694238 1.949205 52.064951
 69.499978 4.462546 1.864758 1.836636 54.995525
 69.599978 4.654102 1.869341 1.968826 53.423085
 69.699978 5.134804 1.736637 2.402504 47.369553
 69.799977 5.213052 1.720548 2.469201 44.652161
 69.899977 4.995181 1.850709 2.223142 50.962376
 69.999977 4.936402 1.879440 2.161272 50.497862
 70.099977 4.811035 1.780251 2.142765 54.576567
 70.199977 4.887549 1.747418 2.220072 53.288802
 70.299977 5.175552 1.781570 2.399545 49.716030
 70.399977 5.199611 1.793667 2.408003 49.330901
 70.499977 5.422360 1.847852 2.527177 33.524361
 70.599977 5.455366 1.831571 2.562023 32.135078
 70.699977 5.314040 1.843997 2.453320 44.337416
 70.799977 5.602146 1.732361 2.735938 20.122650
 70.899977 4.964553 1.804210 2.234363 55.626532
 70.999977 4.293538 1.876373 1.708936 55.723051
 71.099977 4.063649 1.798351 1.601566 60.435807
 71.199977 3.631366 1.842684 1.264598 64.688059
 71.299977 3.188008 1.749208 1.017231 70.077204
 71.399977 3.177444 1.835402 0.948824 72.552088
 71.499977 3.310711 1.770953 1.088609 70.471830
 71.599977 3.662055 1.865997 1.269813 63.337861
 71.699977 4.005757 1.749607 1.595098 60.437239
 71.799977 3.912561 1.750287 1.528728 61.430314
 71.899977 3.760044 1.756809 1.416288 63.354082
 71.999977 3.532968 1.775974 1.242195 67.990525
 72.099977 3.499836 1.880810 1.144651 66.572696
 72.199977 3.739566 1.749561 1.406933 63.876201
 72.299977 3.790804 1.847474 1.373934 63.575739
 72.399977 3.969090 1.783079 1.545510 62.958278
 72.499977 3.893620 1.740612 1.522177 62.603213
 72.599977 3.749054 1.708221 1.442869 61.883541
 72.699977 3.612117 1.736856 1.325809 66.082305
 72.799977 3.476350 1.767612 1.208078 69.896603
 72.899976 3.461115 1.732944 1.221817 68.159709
 72.999976 3.246610 1.718956 1.080052 68.492337
 73.099976 3.069608 1.813914 0.887775 75.131909
 73.199976 3.167571 1.747450 1.004025 71.692260
 73.299976 2.645635 2.249804 0.279853 35.672753
 73.399976 2.181281 2.292951 -0.078951 47.424958
 73.499976 1.836448 2.585925 -0.529880 66.799125
 73.599976 1.848833 2.841754 -0.701995 77.195825
 73.699976 1.780003 3.330665 -1.096318 70.823302
 73.799976 1.883647 3.479297 -1.128125 65.882365
 73.899976 1.803348 3.684700 -1.330116 65.220225
 73.999976 1.807313 3.750138 -1.373577 64.045266
 74.099976 1.806596 4.017817 -1.563333 58.477817
 74.199976 1.763246 4.239579 -1.750767 54.964587
 74.299976 1.803530 4.144959 -1.655390 57.164059
 74.399976 1.742740 4.115441 -1.677500 56.681261
 74.499976 1.792846 4.195813 -1.698898 57.213930
 74.599976 1.814897 4.163248 -1.660284 57.941736
 74.699976 1.815588 4.309558 -1.763236 55.945582
 74.799976 1.779079 4.876707 -2.190023 50.303883
 74.899976 1.843984 5.032785 -2.254483 51.301015
 74.999976 1.856004 4.773038 -2.062343 49.687666
 75.099976 1.733150 4.611830 -2.035227 50.140214
 75.199976 1.844470 4.528882 -1.897879 52.614529
 75.299976 1.796946 4.907681 -2.199289 52.595677
 75.399976 1.860908 4.882504 -2.136268 51.505126
 75.499976 1.815045 4.324786 -1.774387 56.934673
 75.599976 1.833371 3.691597 -1.313766 65.684227
 75.699976 1.771931 3.345336 -1.112397 71.060327
 75.799976 1.733698 2.960249 -0.867172 71.211864
 75.899976 1.762855 2.886870 -0.794678 73.940884
 75.999975 1.818462 3.199192 -0.976176 73.847064
 76.099975 1.997733 3.322098 -0.936326 55.409112
 76.199975 1.726198 3.677070 -1.379267 63.831562
 76.299975 1.801912 3.665770 -1.317748 67.386178
 76.399975 1.762303 3.759422 -1.411963 65.010007
 76.499975 1.768305 3.856750 -1.476530 63.642196
 76.599975 1.782422 4.126142 -1.657010 60.142358
 76.699975 1.799670 4.104288 -1.629365 60.855157
 76.799975 1.844699 4.259812 -1.707485 58.025199
 76.899975 1.747017 4.735811 -2.113077 51.820531
 76.999975 1.784351 4.855679 -2.171429 53.619815
 77.099975 1.739411 4.535602 -1.976907 53.914290
 77.199975 1.785561 4.627961 -2.009576 54.760575
 77.299975 1.736430 4.583440 -2.012836 54.030598
 77.399975 1.740194 4.688858 -2.084706 53.736462
 77.499975 1.766176 4.718575 -2.087346 55.057889
 77.599975 1.755517 5.044142 -2.325058 54.268583
 77.699975 1.789992 5.080093 -2.326101 55.000545
 77.799975 1.740111 4.933970 -2.258058 54.819781
 77.899975 1.779882 4.981668 -2.263663 56.576253
 77.999975 1.665046 5.129342 -2.449258 48.029316
 78.099975 1.755590 5.033849 -2.317729 56.535813
 78.199975 1.794074 4.762293 -2.098530 57.231469
 78.299975 2.019549 4.268315 -1.589877 41.176575
 78.399975 1.871210 3.423269 -1.097305 69.707745
 78.499975 1.763241 2.733295 -0.685828 70.589193
 78.599975 1.794612 2.669787 -0.618749 70.446208
 78.699975 1.760536 3.301688 -1.089594 72.267609
 78.799975 1.730997 3.991747 -1.598350 61.051257
 78.899975 1.724145 4.663187 -2.077903 55.248164
 78.999975 1.845278 5.240422 -2.400367 50.070412
 79.099974 1.789322 5.450390 -2.588375 34.239399
 79.199974 1.740686 5.497193 -2.655850 30.140736
 79.299974 1.782314 5.516952 -2.640390 30.129012
 79.399974 1.793339 5.491895 -2.614879 33.868001
 79.499974 1.797644 5.550156 -2.653026 29.316939
 79.599974 1.849845 5.217619 -2.381016 54.769267
 79.699974 1.892242 4.637841 -1.941139 54.473292
 79.799974 1.752802 4.301650 -1.802035 60.093899
 79.899974 1.748022 3.950256 -1.556980 62.958689
 79.999974 1.761767 3.701491 -1.371384 67.353829
 80.099974 1.801331 3.636644 -1.297566 69.485822
 80.199974 1.781184 3.692001 -1.350948 68.604598
 80.299974 1.792505 3.524916 -1.224814 71.404651
 80.399974 1.796130 3.210482 -0.999947 74.809343
 80.499974 1.827829 3.159533 -0.941515 75.464280
 80.599974 1.792861 3.567536 -1.254695 71.161945
 80.699974 1.885402 3.947192 -1.457685 61.565129
 80.799974 1.804851 3.999037 -1.551290 64.722410
 80.899974 1.830266 3.935197 -1.488187 65.425351
 80.999974 1.839792 3.829641 -1.406823 67.003826
 81.099974 1.749827 4.007009 -1.595828 64.130936
 81.199974 1.856060 3.963199 -1.489748 64.669002
 81.299974 1.785212 3.852773 -1.461766 67.996256
 81.399974 1.804874 3.903661 -1.483842 67.610540
 81.499974 1.688471 3.860108 -1.535347 62.102906
 81.599974 1.738913 3.730514 -1.408062 68.441853
 81.699974 1.793070 3.804405 -1.422014 69.786122
 81.799974 1.738120 4.111367 -1.677885 63.455627
 81.899974 1.689448 4.376549 -1.899780 56.290692
 81.999974 1.836535 4.607171 -1.958839 58.623218
 82.099974 1.776144 4.825792 -2.156102 59.079416
 82.199973 1.758965 4.666450 -2.055592 58.894672
 82.299973 1.762979 4.824252 -2.164320 59.370411
 82.399973 1.823250 4.693552 -2.029304 59.959104
 82.499973 1.715507 4.447547 -1.931552 58.806235
 82.599973 1.738158 4.485061 -1.942060 60.271072
 82.699973 1.806058 4.461352 -1.877293 62.332397
 82.799973 1.791150 4.026855 -1.580644 67.207184
 82.899973 1.791959 3.610314 -1.285577 72.332117
 82.999973 1.834149 3.114868 -0.905469 76.078230
 83.099973 1.857861 2.843834 -0.697082 78.500820
 83.199973 1.773071 2.915687 -0.807830 76.063848
 83.299973 1.764059 3.100621 -0.944949 75.054510
 83.399973 1.833561 3.373182 -1.088512 74.310473
 83.499973 1.779928 3.339769 -1.102808 74.665242
 83.599973 1.778684 2.884888 -0.782086 76.685456
 83.699973 1.968107 2.459702 -0.347557 60.496026
 83.799973 1.868364 2.547415 -0.480089 66.636604
 83.899973 1.695353 2.906999 -0.856634 68.168225
 83.999973 1.789193 3.159193 -0.968590 76.514806
 84.099973 1.922431 3.160641 -0.875414 70.680368
 84.199973 1.897778 3.348756 -1.025842 71.169259
 84.299973 1.838130 3.209590 -0.969622 76.624566
 84.399973 1.783815 2.796451 -0.715934 76.465487
 84.499973 2.221968 2.206894 0.010657 47.022967
 84.599973 2.608622 1.701815 0.641113 54.084888
 84.699973 2.739147 2.165648 0.405464 45.218401
 84.799973 3.073220 1.878459 0.844696 73.926429
 84.899973 2.721393 1.968381 0.532380 73.450443
 84.999973 2.844308 1.948671 0.633216 74.058353
 85.099973 3.314943 1.721505 1.126561 69.114557
 85.199973 3.244602 1.793254 1.026103 74.047364
 85.299972 2.842420 1.755526 0.768434 73.810775
 85.399972 2.307866 2.002721 0.215738 48.609761
 85.499972 2.629176 1.856563 0.546237 73.168219
 85.599972 2.882305 1.700532 0.835513 67.920690
 85.699972 3.190998 1.741161 1.025034 72.153249
 85.799972 3.402415 1.835982 1.107468 72.655569
 85.899972 3.339287 1.790672 1.094871 73.823504
 85.999972 3.448294 1.754027 1.197847 71.207293
 86.099972 3.581201 1.814007 1.249406 70.488872
 86.199972 3.752433 1.873021 1.328745 64.559623
 86.299972 4.499376 1.771374 1.928697 58.277344
 86.399972 5.017082 1.884384 2.214818 52.768135
 86.499972 4.876486 1.755546 2.206505 55.912941
 86.599972 4.272435 1.810371 1.740679 60.243837
 86.699972 3.746486 1.823325 1.359675 67.446653
 86.799972 3.584207 1.751660 1.295611 69.576278
 86.899972 3.228069 1.815149 0.998935 75.598873
 86.999972 3.096705 1.740246 0.959017 73.464265
 87.099972 3.641911 1.741522 1.343575 68.220222
 87.199972 3.731538 1.743636 1.405447 67.008724
 87.299972 3.818187 1.800356 1.426607 67.348211
 87.399972 4.263489 1.791267 1.747861 60.891857
 87.499972 4.311064 1.740097 1.817674 59.317366
 87.599972 4.262219 1.748043 1.777522 60.543538
 87.699972 4.346126 1.751817 1.834177 60.237169
 87.799972 4.894893 1.813211 2.178749 57.158115
 87.899972 5.208095 1.781447 2.422640 53.047986
 87.999972 5.161376 1.738732 2.419809 53.810462
 88.099972 4.774930 1.826055 2.084855 58.223290
 88.199972 4.550899 1.852061 1.908079 59.115246
 88.299972 4.616948 1.873564 1.939572 57.851977
 88.399971 4.830508 1.694269 2.217321 54.092610
 88.499971 4.992700 1.744162 2.296716 57.403303
 88.599971 5.152015 1.753445 2.402789 55.812523
 88.699971 4.874990 1.745606 2.212475 58.492758
 88.799971 4.540078 1.847789 1.903448 60.507488
 88.899971 4.405367 1.763062 1.868110 61.701865
 88.999971 4.044136 1.782096 1.599262 64.981453
 89.099971 3.934846 1.870538 1.459466 63.599739
 89.199971 3.825554 1.914233 1.351304 61.340206
 89.299971 3.404410 1.765231 1.158899 73.780619
 89.399971 2.998774 1.893362 0.781527 76.188214
 89.499971 3.084520 1.728569 0.958657 72.848978
 89.599971 3.070162 1.730549 0.947106 73.290062
 89.699971 2.919850 1.911645 0.712801 77.018323
 89.799971 3.290644 1.888474 0.991335 72.713255
 89.899971 3.831460 1.899614 1.365815 63.172007
 89.999971 3.931503 1.748342 1.543495 66.274466
 90.099971 3.976423 1.818790 1.525447 66.781700
 90.199971 4.096150 1.807623 1.617989 65.633082
 90.299971 4.401194 1.788638 1.847077 62.976279
 90.399971 4.703778 1.817436 2.040644 61.360846
 90.499971 5.039926 1.791591 2.296573 59.553061
 90.599971 4.941688 1.911738 2.142175 54.860588
 90.699971 5.019274 1.717138 2.334610 57.556828
 90.799971 5.002616 1.797538 2.265990 61.029463
 90.899971 4.972359 1.849060 2.208172 60.321681
 90.999971 4.772995 1.779982 2.116060 62.301893
 91.099971 4.651869 1.735517 2.061861 61.185742
 91.199971 4.260771 1.772984 1.758865 64.252638
 91.299971 3.496224 1.764288 1.224479 73.387718
 91.399971 2.718912 1.703994 0.717547 63.728187
 91.499970 2.526282 2.021531 0.356859 65.787786
 91.599970 2.992726 2.137915 0.604351 40.269835
 91.699970 3.056066 1.951194 0.781144 70.265473
 91.799970 3.015313 1.771487 0.879385 77.934999
 91.899970 2.793667 1.772443 0.722006 76.512919
 91.999970 2.667513 1.756901 0.643803 68.640676
 92.099970 2.276336 2.101384 0.123691 49.317455
 92.199970 1.823852 2.623385 -0.565270 70.980211
 92.299970 1.790111 3.044709 -0.887001 78.066519
 92.399970 1.811677 3.302347 -1.053904 76.482086
 92.499970 1.799376 3.436550 -1.157482 75.164805
 92.599970 1.814974 3.016685 -0.849610 79.203101
 92.699970 1.765508 2.778629 -0.716276 74.834569
 92.799970 2.235227 2.229875 0.003784 49.230004
 92.899970 2.144834 2.224931 -0.056628 47.735298
 92.999970 1.748507 2.683843 -0.661282 68.476553
 93.099970 1.833373 3.131853 -0.918026 78.308292
 93.199970 1.900144 3.456837 -1.100582 70.408614
 93.299970 1.767091 4.099301 -1.648873 66.167109
 93.399970 1.789313 4.425862 -1.864040 63.166627
 93.499970 1.790057 4.536934 -1.942042 62.444994
 93.599970 1.837526 4.419561 -1.825499 62.985126
 93.699970 1.739156 4.342217 -1.840364 63.302024
 93.799970 1.794885 4.476892 -1.896178 63.833068
 93.899970 1.815803 4.799365 -2.109379 61.415234
 93.999970 1.773717 5.071517 -2.331545 60.566780
 94.099970 1.763085 4.900323 -2.218027 61.305862
 94.199970 1.724235 4.124320 -1.696860 64.627051
 94.299970 1.728326 3.731636 -1.416340 69.173442
 94.399970 1.955794 3.130112 -0.830242 68.277195
 94.499970 1.827258 2.693996 -0.612784 76.506174
 94.599969 1.951142 2.425234 -0.335183 59.155608
 94.699969 1.742962 2.825763 -0.765541 74.578531
 94.799969 1.850952 3.123421 -0.899636 78.478768
 94.899969 1.823023 3.473044 -1.166565 75.376969
 94.999969 1.777309 3.540651 -1.246683 74.408123
 95.099969 1.893946 3.536669 -1.161406 70.731671
 95.199969 1.846370 3.785924 -1.371265 70.827483
 95.299969 1.800467 3.614212 -1.282318 74.492762
 95.399969 1.721974 3.354488 -1.154187 73.222260
 95.499969 1.880770 3.082229 -0.849431 77.803549
 95.599969 2.293089 2.535224 -0.171189 36.531201
 95.699969 2.255648 2.552340 -0.209761 40.982814
 95.799969 1.827150 2.708119 -0.622846 78.062494
 95.899969 1.968406 2.281776 -0.221553 46.201025
 95.999969 2.670850 1.891477 0.551016 78.176549
 96.099969 2.885169 1.754738 0.799214 77.008500
 96.199969 3.062033 1.771234 0.912595 78.074922
 96.299969 3.140051 1.755344 0.978988 76.515269
 96.399969 3.042552 1.827489 0.859049 80.249556
 96.499969 3.139004 1.841525 0.917318 78.726109
 96.599969 3.071093 1.987478 0.766116 65.652583
 96.699969 3.252817 1.712343 1.089115 72.346816
 96.799969 3.332614 1.705869 1.150109 71.239098
 96.899969 2.966990 1.726039 0.877352 75.277418
 96.999969 2.467231 1.839620 0.443721 59.072494
 97.099969 2.481794 1.909955 0.404290 65.399425
 97.199969 2.679728 1.852913 0.584558 78.832741
 97.299969 3.017668 1.809479 0.854190 81.380600
 97.399969 3.378057 1.861991 1.071858 75.428997
 97.499969 3.392637 1.834785 1.101401 76.649724
 97.599969 3.088281 1.857994 0.869813 80.064021
 97.699968 2.786257 1.801765 0.696036 80.584145
 97.799968 2.886510 1.922368 0.681649 80.060749
 97.899968 3.156471 1.771448 0.979211 79.044381
 97.999968 3.333223 1.791700 1.089857 78.048934
 98.099968 3.336147 1.806629 1.081369 78.351790
 98.199968 3.446444 1.856327 1.124213 75.432146
 98.299968 3.136514 1.781439 0.958038 80.178189
 98.399968 3.139978 1.821327 0.932286 81.059870
 98.499968 3.322394 1.874402 1.023730 76.594066
 98.599968 3.045616 1.809342 0.874045 82.300300
 98.699968 2.937537 1.893595 0.738067 81.906254
 98.799968 3.321947 1.947925 0.971434 68.671526
 98.899968 3.894546 1.747516 1.517950 67.695818
 98.999968 4.104905 1.842904 1.599234 65.284106
 99.099968 4.111998 1.785777 1.644639 66.667839
 99.199968 4.489923 1.868968 1.853016 61.738086
 99.299968 4.823031 1.809018 2.130908 63.031715
 99.399968 4.734274 1.728509 2.125076 61.289520
 99.499968 4.711239 1.863443 2.013392 62.227902
 99.599968 4.715033 1.863068 2.016340 62.546222
 99.699968 4.796513 1.797253 2.120477 64.366295
 99.799968 4.713408 1.753332 2.092774 63.942975
 99.899968 4.234854 1.866038 1.674753 63.448714
 99.999968 3.594612 1.963009 1.153543 61.501106
