#! FIELDS cv ff1d dff1d_cv
#! SET normalisation  1.000000
#! SET min_cv -2.0
#! SET max_cv 2.0
#! SET nbins_cv  400
#! SET periodic_cv false
 -2.000000 12.594179 -11.906133
 -1.990000 12.508033 -11.826174
 -1.980000 12.391075 -11.520543
 -1.970000 12.277480 -11.153172
 -1.960000 12.167816 -10.734473
 -1.950000 12.062544 -10.272996
 -1.940000 11.962060 -9.776112
 -1.930000 11.866612 -9.254368
 -1.920000 11.776452 -8.714467
 -1.910000 11.691790 -8.161525
 -1.900000 11.612447 -7.614373
 -1.890000 11.538512 -7.075726
 -1.880000 11.469966 -6.552351
 -1.870000 11.406308 -6.062973
 -1.860000 11.347110 -5.621219
 -1.850000 11.292074 -5.234656
 -1.840000 11.240630 -4.911832
 -1.830000 11.191732 -4.678961
 -1.820000 11.144219 -4.560016
 -1.810000 11.097377 -4.554151
 -1.800000 11.049619 -4.690394
 -1.790000 11.000113 -4.964924
 -1.780000 10.946524 -5.417908
 -1.770000 10.887696 -6.041032
 -1.760000 10.820855 -6.874967
 -1.750000 10.745372 -7.876169
 -1.740000 10.659097 -9.050260
 -1.730000 10.560300 -10.381979
 -1.720000 10.445257 -11.918484
 -1.710000 10.313451 -13.595709
 -1.700000 10.163620 -15.379251
 -1.690000 9.992138 -17.312484
 -1.680000 9.804764 -19.163596
 -1.670000 9.597708 -21.007696
 -1.660000 9.373822 -22.740851
 -1.650000 9.134382 -24.324775
 -1.640000 8.880114 -25.754683
 -1.630000 8.613355 -26.993734
 -1.620000 8.333287 -28.101522
 -1.610000 8.043877 -29.019113
 -1.600000 7.746726 -29.754462
 -1.590000 7.444106 -30.303105
 -1.580000 7.137606 -30.678004
 -1.570000 6.827803 -30.914329
 -1.560000 6.516863 -31.005263
 -1.550000 6.205675 -30.973033
 -1.540000 5.895718 -30.819748
 -1.530000 5.587461 -30.569891
 -1.520000 5.282568 -30.215961
 -1.510000 4.981691 -29.772186
 -1.500000 4.685642 -29.246458
 -1.490000 4.394899 -28.653079
 -1.480000 4.110480 -27.990349
 -1.470000 3.832502 -27.278825
 -1.460000 3.561798 -26.518005
 -1.450000 3.298890 -25.715241
 -1.440000 3.044489 -24.870552
 -1.430000 2.799354 -23.980910
 -1.420000 2.563222 -23.069741
 -1.410000 2.336132 -22.149936
 -1.400000 2.118508 -21.221856
 -1.390000 1.910109 -20.302144
 -1.380000 1.710921 -19.398124
 -1.370000 1.520709 -18.520918
 -1.360000 1.339031 -17.684625
 -1.350000 1.165630 -16.894310
 -1.340000 0.999908 -16.161706
 -1.330000 0.841183 -15.497134
 -1.320000 0.688760 -14.907665
 -1.310000 0.541875 -14.398441
 -1.300000 0.399621 -13.975297
 -1.290000 0.261168 -13.638098
 -1.280000 0.125743 -13.382164
 -1.270000 -0.007561 -13.205013
 -1.260000 -0.139416 -13.095782
 -1.250000 -0.270436 -13.041962
 -1.240000 -0.401121 -13.029327
 -1.230000 -0.531782 -13.040866
 -1.220000 -0.662609 -13.060226
 -1.210000 -0.793577 -13.069960
 -1.200000 -0.924525 -13.054775
 -1.190000 -1.055225 -13.003979
 -1.180000 -1.185186 -12.905131
 -1.170000 -1.313905 -12.751812
 -1.160000 -1.440832 -12.540866
 -1.150000 -1.565275 -12.268865
 -1.140000 -1.686614 -11.937620
 -1.130000 -1.804334 -11.553349
 -1.120000 -1.918133 -11.129276
 -1.110000 -2.027421 -10.668171
 -1.100000 -2.131960 -10.182377
 -1.090000 -2.231482 -9.680258
 -1.080000 -2.325958 -9.174430
 -1.070000 -2.415324 -8.672851
 -1.060000 -2.499736 -8.186492
 -1.050000 -2.579394 -7.724375
 -1.040000 -2.654606 -7.294380
 -1.030000 -2.725653 -6.900696
 -1.020000 -2.792956 -6.547650
 -1.010000 -2.856939 -6.237805
 -1.000000 -2.918041 -5.971671
 -0.990000 -2.976623 -5.746035
 -0.980000 -3.033113 -5.557442
 -0.970000 -3.087882 -5.401334
 -0.960000 -3.141195 -5.270630
 -0.950000 -3.193298 -5.155424
 -0.940000 -3.244284 -5.047815
 -0.930000 -3.294190 -4.936885
 -0.920000 -3.342934 -4.812636
 -0.910000 -3.390324 -4.665594
 -0.900000 -3.436096 -4.486299
 -0.890000 -3.479858 -4.267427
 -0.880000 -3.521200 -4.000590
 -0.870000 -3.559611 -3.680406
 -0.860000 -3.594542 -3.302290
 -0.850000 -3.625399 -2.863571
 -0.840000 -3.651553 -2.363457
 -0.830000 -3.672401 -1.801117
 -0.820000 -3.687317 -1.177763
 -0.810000 -3.695703 -0.494989
 -0.800000 -3.696964 0.244092
 -0.790000 -3.690569 1.037054
 -0.780000 -3.675987 1.879974
 -0.770000 -3.652737 2.769057
 -0.760000 -3.620359 3.699759
 -0.750000 -3.578473 4.668950
 -0.740000 -3.526682 5.671543
 -0.730000 -3.464687 6.704702
 -0.720000 -3.392202 7.764806
 -0.710000 -3.308998 8.849190
 -0.700000 -3.214887 9.955560
 -0.690000 -3.109606 11.078380
 -0.680000 -2.992992 12.214581
 -0.670000 -2.864972 13.363223
 -0.660000 -2.725395 14.520246
 -0.650000 -2.574208 15.684039
 -0.640000 -2.411347 16.852064
 -0.630000 -2.236759 18.021499
 -0.620000 -2.050493 19.192062
 -0.610000 -1.852511 20.360396
 -0.600000 -1.642840 21.524528
 -0.590000 -1.421530 22.682715
 -0.580000 -1.188654 23.833378
 -0.570000 -0.944253 24.973778
 -0.560000 -0.688445 26.102939
 -0.550000 -0.421402 27.221031
 -0.540000 -0.143118 28.323499
 -0.530000 0.146169 29.411873
 -0.520000 0.446328 30.485026
 -0.510000 0.757236 31.541804
 -0.500000 1.078676 32.583340
 -0.490000 1.410630 33.606610
 -0.480000 1.752841 34.614285
 -0.470000 2.105274 35.604559
 -0.460000 2.468160 36.570350
 -0.450000 2.841118 37.518493
 -0.440000 3.224210 38.446840
 -0.430000 3.617408 39.355444
 -0.420000 4.019631 40.266356
 -0.410000 4.430867 41.180542
 -0.400000 4.851530 42.090162
 -0.390000 5.284777 42.934701
 -0.380000 5.726567 43.792377
 -0.370000 6.178680 44.630384
 -0.360000 6.638639 45.494074
 -0.350000 7.109447 46.329213
 -0.340000 7.587654 47.196150
 -0.330000 8.076377 48.038558
 -0.320000 8.576538 48.837904
 -0.310000 9.089951 49.558947
 -0.300000 9.611129 50.289436
 -0.290000 10.142965 50.976040
 -0.280000 10.685620 51.607779
 -0.270000 11.242415 52.126385
 -0.260000 11.791869 52.851457
 -0.250000 12.343068 53.639001
 -0.240000 12.910255 54.269631
 -0.230000 13.484474 54.862125
 -0.220000 14.065562 55.409048
 -0.210000 14.659746 55.813105
 -0.200000 15.262782 56.130230
 -0.190000 15.873048 56.375257
 -0.180000 16.487783 56.582749
 -0.170000 17.114659 56.648461
 -0.160000 17.748723 56.638667
 -0.150000 18.375155 56.766670
 -0.140000 19.005480 56.887005
 -0.130000 19.633569 57.094842
 -0.120000 20.263274 57.340628
 -0.110000 20.901980 57.523792
 -0.100000 21.569853 57.367108
 -0.090000 22.222751 57.404268
 -0.080000 22.870269 57.472336
 -0.070000 23.517918 57.391136
 -0.060000 24.181455 56.788000
 -0.050000 24.819984 55.931595
 -0.040000 25.424222 54.547581
 -0.030000 26.004633 51.721300
 -0.020000 26.555822 46.560705
 -0.010000 27.011298 38.718795
 0.000000 27.359486 27.892069
 0.010000 27.574597 13.477266
 0.020000 27.620649 -3.471771
 0.030000 27.468861 -19.427107
 0.040000 27.180554 -32.362331
 0.050000 26.749886 -42.477100
 0.060000 26.187375 -50.039984
 0.070000 25.584973 -55.429616
 0.080000 24.945562 -58.357751
 0.090000 24.272720 -59.990189
 0.100000 23.555170 -61.522742
 0.110000 22.833366 -62.216083
 0.120000 22.097173 -62.824053
 0.130000 21.399196 -62.833665
 0.140000 20.692619 -62.861778
 0.150000 19.995864 -62.717037
 0.160000 19.295306 -62.589033
 0.170000 18.598944 -62.399201
 0.180000 17.931801 -61.870888
 0.190000 17.247721 -61.580421
 0.200000 16.574132 -61.191643
 0.210000 15.912180 -60.707415
 0.220000 15.266283 -60.082787
 0.230000 14.633813 -59.362147
 0.240000 14.013600 -58.571063
 0.250000 13.395889 -57.848303
 0.260000 12.791521 -57.051317
 0.270000 12.197337 -56.231113
 0.280000 11.613957 -55.384689
 0.290000 11.040853 -54.523158
 0.300000 10.481204 -53.605334
 0.310000 9.932377 -52.674731
 0.320000 9.392765 -51.758907
 0.330000 8.865545 -50.809425
 0.340000 8.352121 -49.804762
 0.350000 7.849020 -48.804619
 0.360000 7.357951 -47.780951
 0.370000 6.877889 -46.752887
 0.380000 6.409964 -45.700624
 0.390000 5.952133 -44.662430
 0.400000 5.505728 -43.613409
 0.410000 5.071360 -42.542240
 0.420000 4.649047 -41.448324
 0.430000 4.237824 -40.351572
 0.440000 3.837665 -39.253017
 0.450000 3.448838 -38.147510
 0.460000 3.071364 -37.035252
 0.470000 2.705252 -35.916811
 0.480000 2.350613 -34.790596
 0.490000 2.007389 -33.658821
 0.500000 1.675910 -32.515028
 0.510000 1.356033 -31.363897
 0.520000 1.047761 -30.206755
 0.530000 0.751168 -29.043308
 0.540000 0.466331 -27.873235
 0.550000 0.193210 -26.699238
 0.560000 -0.068148 -25.521723
 0.570000 -0.317758 -24.342701
 0.580000 -0.555485 -23.160096
 0.590000 -0.781361 -21.976171
 0.600000 -0.995368 -20.791609
 0.610000 -1.197521 -19.607913
 0.620000 -1.387788 -18.424930
 0.630000 -1.566235 -17.245086
 0.640000 -1.732898 -16.069658
 0.650000 -1.887819 -14.899715
 0.660000 -2.031077 -13.737178
 0.670000 -2.162733 -12.582962
 0.680000 -2.282888 -11.438791
 0.690000 -2.391655 -10.306436
 0.700000 -2.489163 -9.187645
 0.710000 -2.575560 -8.084321
 0.720000 -2.650984 -6.997494
 0.730000 -2.715639 -5.929856
 0.740000 -2.769722 -4.883301
 0.750000 -2.813455 -3.859932
 0.760000 -2.847074 -2.861723
 0.770000 -2.870853 -1.891140
 0.780000 -2.885057 -0.949734
 0.790000 -2.890002 -0.039987
 0.800000 -2.886021 0.835772
 0.810000 -2.873467 1.675387
 0.820000 -2.852697 2.477378
 0.830000 -2.824091 3.240258
 0.840000 -2.788060 3.962305
 0.850000 -2.745012 4.642640
 0.860000 -2.695366 5.280893
 0.870000 -2.639554 5.876292
 0.880000 -2.577996 6.429514
 0.890000 -2.511108 6.941167
 0.900000 -2.439298 7.412664
 0.910000 -2.362971 7.845791
 0.920000 -2.282479 8.242188
 0.930000 -2.198186 8.604817
 0.940000 -2.110418 8.936237
 0.950000 -2.019477 9.239465
 0.960000 -1.925626 9.517372
 0.970000 -1.829099 9.772822
 0.980000 -1.730085 10.007848
 0.990000 -1.628798 10.225969
 1.000000 -1.525378 10.429427
 1.010000 -1.419961 10.620407
 1.020000 -1.312651 10.801523
 1.030000 -1.203550 10.975236
 1.040000 -1.092695 11.142926
 1.050000 -0.980109 11.306259
 1.060000 -0.865867 11.469417
 1.070000 -0.750002 11.636056
 1.080000 -0.632381 11.805524
 1.090000 -0.513013 11.982801
 1.100000 -0.391757 12.168916
 1.110000 -0.268580 12.369080
 1.120000 -0.143177 12.580552
 1.130000 -0.015548 12.810766
 1.140000 0.114442 13.063025
 1.150000 0.246953 13.339820
 1.160000 0.382424 13.634678
 1.170000 0.521050 13.947789
 1.180000 0.662943 14.281399
 1.190000 0.808313 14.633439
 1.200000 0.957345 15.001614
 1.210000 1.110160 15.384173
 1.220000 1.266876 15.778024
 1.230000 1.427386 16.185559
 1.240000 1.591988 16.596172
 1.250000 1.760711 17.006037
 1.260000 1.933510 17.412622
 1.270000 2.110276 17.815146
 1.280000 2.291172 18.204667
 1.290000 2.476044 18.581272
 1.300000 2.664881 18.941150
 1.310000 2.857171 19.296156
 1.320000 3.053048 19.639939
 1.330000 3.252312 19.976419
 1.340000 3.455034 20.302241
 1.350000 3.660744 20.630591
 1.360000 3.869814 20.952292
 1.370000 4.082214 21.268178
 1.380000 4.297715 21.584075
 1.390000 4.516621 21.891052
 1.400000 4.738424 22.200278
 1.410000 4.963294 22.502665
 1.420000 5.191196 22.791506
 1.430000 5.422028 23.058369
 1.440000 5.655663 23.291730
 1.450000 5.890935 23.502465
 1.460000 6.128420 23.650616
 1.470000 6.367272 23.727456
 1.480000 6.606826 23.714335
 1.490000 6.845815 23.603097
 1.500000 7.083613 23.364192
 1.510000 7.317725 23.014277
 1.520000 7.547678 22.515947
 1.530000 7.772447 21.845129
 1.540000 7.990368 20.999653
 1.550000 8.198876 20.010779
 1.560000 8.395882 18.908744
 1.570000 8.581683 17.670840
 1.580000 8.754367 16.352458
 1.590000 8.912928 15.002283
 1.600000 9.058840 13.611499
 1.610000 9.190580 12.275849
 1.620000 9.309413 11.019565
 1.630000 9.415750 9.900388
 1.640000 9.511839 8.921359
 1.650000 9.598770 8.121444
 1.660000 9.678316 7.512889
 1.670000 9.752831 7.084262
 1.680000 9.824020 6.834878
 1.690000 9.893534 6.758652
 1.700000 9.962932 6.843378
 1.710000 10.033769 7.068080
 1.720000 10.107797 7.397501
 1.730000 10.185379 7.834763
 1.740000 10.268038 8.338317
 1.750000 10.355425 8.921820
 1.760000 10.448843 9.540119
 1.770000 10.548385 10.182099
 1.780000 10.654309 10.827619
 1.790000 10.766402 11.467794
 1.800000 10.884871 12.078298
 1.810000 11.009395 12.648666
 1.820000 11.139271 13.179069
 1.830000 11.274021 13.662143
 1.840000 11.413312 14.085972
 1.850000 11.556514 14.448269
 1.860000 11.702892 14.752198
 1.870000 11.852021 14.993013
 1.880000 12.003277 15.175709
 1.890000 12.156099 15.306250
 1.900000 12.310213 15.386436
 1.910000 12.464825 15.436797
 1.920000 12.619902 15.459623
 1.930000 12.775018 15.472636
 1.940000 12.930174 15.483679
 1.950000 13.085395 15.502356
 1.960000 13.241204 15.525429
 1.970000 13.397253 15.576058
 1.980000 13.553870 15.658707
 1.990000 13.711818 15.763175
 2.000000 13.870039 15.904195
