#! FIELDS cv hh1d dhh1d_cv
#! SET normalisation  200000.000000
#! SET min_cv -2.0
#! SET max_cv 2.0
#! SET nbins_cv  400
#! SET periodic_cv false
 -2.000000 0.005388 0.025427
 -1.990000 0.005581 0.030231
 -1.980000 0.005910 0.035349
 -1.970000 0.006291 0.040727
 -1.960000 0.006727 0.046331
 -1.950000 0.007220 0.052089
 -1.940000 0.007772 0.057947
 -1.930000 0.008382 0.063837
 -1.920000 0.009052 0.069686
 -1.910000 0.009780 0.075395
 -1.900000 0.010563 0.080849
 -1.890000 0.011401 0.086037
 -1.880000 0.012290 0.090936
 -1.870000 0.013228 0.095441
 -1.860000 0.014210 0.099592
 -1.850000 0.015232 0.103315
 -1.840000 0.016290 0.106627
 -1.830000 0.017379 0.109578
 -1.820000 0.018500 0.112352
 -1.810000 0.019644 0.114826
 -1.800000 0.020815 0.117367
 -1.790000 0.022013 0.120120
 -1.780000 0.023242 0.123300
 -1.770000 0.024507 0.127226
 -1.760000 0.025830 0.132660
 -1.750000 0.027210 0.139422
 -1.740000 0.028670 0.148243
 -1.730000 0.030232 0.159472
 -1.720000 0.031914 0.173394
 -1.710000 0.033752 0.190607
 -1.700000 0.035789 0.211872
 -1.690000 0.038060 0.237482
 -1.680000 0.040600 0.267525
 -1.670000 0.043467 0.302694
 -1.660000 0.046724 0.343746
 -1.650000 0.050419 0.390597
 -1.640000 0.054622 0.443873
 -1.630000 0.059395 0.503687
 -1.620000 0.064805 0.570141
 -1.610000 0.070899 0.642600
 -1.600000 0.077765 0.721857
 -1.590000 0.085467 0.807629
 -1.580000 0.094034 0.898502
 -1.570000 0.103530 0.994308
 -1.560000 0.114010 1.094750
 -1.550000 0.125540 1.199940
 -1.540000 0.138177 1.309947
 -1.530000 0.151919 1.422741
 -1.520000 0.166803 1.538099
 -1.510000 0.182877 1.656405
 -1.500000 0.200145 1.776575
 -1.490000 0.218607 1.897774
 -1.480000 0.238283 2.020167
 -1.470000 0.259219 2.144903
 -1.460000 0.281377 2.270312
 -1.450000 0.304816 2.398362
 -1.440000 0.329584 2.530390
 -1.430000 0.355714 2.667356
 -1.420000 0.383201 2.808483
 -1.410000 0.412144 2.956578
 -1.400000 0.442674 3.115069
 -1.390000 0.474885 3.285522
 -1.380000 0.508883 3.469374
 -1.370000 0.544812 3.668815
 -1.360000 0.582849 3.886361
 -1.350000 0.623162 4.123467
 -1.340000 0.665888 4.379615
 -1.330000 0.711314 4.659150
 -1.320000 0.759655 4.962786
 -1.310000 0.811240 5.294804
 -1.300000 0.866284 5.654505
 -1.290000 0.925149 6.046092
 -1.280000 0.988070 6.468259
 -1.270000 1.055411 6.924161
 -1.260000 1.127474 7.413902
 -1.250000 1.204685 7.941814
 -1.240000 1.287374 8.508004
 -1.230000 1.375897 9.113053
 -1.220000 1.470683 9.759481
 -1.210000 1.572229 10.451753
 -1.200000 1.680882 11.187847
 -1.190000 1.797067 11.967903
 -1.180000 1.921331 12.795726
 -1.170000 2.054075 13.668852
 -1.160000 2.195767 14.586795
 -1.150000 2.346927 15.550437
 -1.140000 2.507985 16.556593
 -1.130000 2.679326 17.600890
 -1.120000 2.861274 18.676797
 -1.110000 3.054188 19.780102
 -1.100000 3.258068 20.894878
 -1.090000 3.472972 22.009788
 -1.080000 3.699075 23.119707
 -1.070000 3.936061 24.205790
 -1.060000 4.183687 25.255082
 -1.050000 4.441467 26.250528
 -1.040000 4.708940 27.181088
 -1.030000 4.985265 28.027758
 -1.020000 5.269552 28.773257
 -1.010000 5.560739 29.402749
 -1.000000 5.857519 29.897028
 -0.990000 6.158437 30.238345
 -0.980000 6.461928 30.412122
 -0.970000 6.766239 30.403215
 -0.960000 7.069527 30.198307
 -0.950000 7.369723 29.782068
 -0.940000 7.664610 29.141536
 -0.930000 7.951891 28.266398
 -0.920000 8.229182 27.146559
 -0.910000 8.493989 25.775480
 -0.900000 8.743795 24.148435
 -0.890000 8.976035 22.263913
 -0.880000 9.188157 20.123214
 -0.870000 9.377595 17.733369
 -0.860000 9.541906 15.103514
 -0.850000 9.678793 12.247362
 -0.840000 9.786076 9.185446
 -0.830000 9.861807 5.943111
 -0.820000 9.904308 2.551294
 -0.810000 9.912243 -0.954952
 -0.800000 9.884709 -4.538048
 -0.790000 9.821144 -8.153762
 -0.780000 9.721418 -11.754277
 -0.770000 9.585961 -15.292744
 -0.760000 9.415653 -18.720549
 -0.750000 9.211825 -21.988610
 -0.740000 8.976282 -25.050102
 -0.730000 8.711359 -27.865262
 -0.720000 8.419660 -30.394801
 -0.710000 8.104191 -32.607695
 -0.700000 7.768243 -34.480622
 -0.690000 7.415373 -36.000326
 -0.680000 7.049104 -37.155897
 -0.670000 6.673031 -37.945488
 -0.660000 6.290805 -38.378083
 -0.650000 5.905958 -38.469260
 -0.640000 5.521789 -38.238404
 -0.630000 5.141409 -37.711172
 -0.620000 4.767649 -36.916825
 -0.610000 4.403105 -35.889596
 -0.600000 4.049844 -34.657750
 -0.590000 3.709775 -33.256187
 -0.580000 3.384348 -31.714788
 -0.570000 3.074880 -30.068959
 -0.560000 2.782195 -28.345579
 -0.550000 2.507003 -26.575605
 -0.540000 2.249619 -24.782595
 -0.530000 2.010196 -22.990116
 -0.520000 1.788526 -21.213645
 -0.510000 1.584457 -19.474488
 -0.500000 1.397537 -17.786492
 -0.490000 1.227190 -16.161239
 -0.480000 1.072662 -14.605632
 -0.470000 0.933331 -13.132447
 -0.460000 0.808366 -11.747540
 -0.450000 0.696751 -10.450051
 -0.440000 0.597682 -9.246293
 -0.430000 0.510197 -8.136143
 -0.420000 0.433267 -7.115812
 -0.410000 0.366030 -6.185942
 -0.400000 0.307608 -5.344948
 -0.390000 0.257148 -4.590205
 -0.380000 0.213733 -3.914627
 -0.370000 0.176866 -3.324139
 -0.360000 0.145693 -2.809652
 -0.350000 0.119247 -2.355583
 -0.340000 0.097179 -1.966423
 -0.330000 0.078792 -1.632188
 -0.320000 0.063604 -1.348630
 -0.310000 0.050980 -1.104155
 -0.300000 0.040650 -0.898682
 -0.290000 0.032228 -0.726474
 -0.280000 0.025357 -0.581535
 -0.270000 0.019871 -0.463599
 -0.260000 0.015529 -0.368746
 -0.250000 0.012061 -0.291114
 -0.240000 0.009310 -0.228091
 -0.230000 0.007087 -0.175373
 -0.220000 0.005350 -0.133398
 -0.210000 0.004035 -0.101443
 -0.200000 0.003027 -0.076647
 -0.190000 0.002270 -0.057933
 -0.180000 0.001703 -0.043897
 -0.170000 0.001274 -0.033139
 -0.160000 0.000946 -0.024759
 -0.150000 0.000696 -0.018288
 -0.140000 0.000506 -0.013289
 -0.130000 0.000370 -0.009705
 -0.120000 0.000270 -0.007077
 -0.110000 0.000197 -0.005141
 -0.100000 0.000144 -0.003752
 -0.090000 0.000104 -0.002651
 -0.080000 0.000076 -0.001895
 -0.070000 0.000056 -0.001325
 -0.060000 0.000042 -0.000935
 -0.050000 0.000033 -0.000667
 -0.040000 0.000027 -0.000455
 -0.030000 0.000022 -0.000283
 -0.020000 0.000020 -0.000138
 -0.010000 0.000019 -0.000016
 0.000000 0.000019 0.000095
 0.010000 0.000020 0.000207
 0.020000 0.000023 0.000330
 0.030000 0.000027 0.000468
 0.040000 0.000033 0.000636
 0.050000 0.000041 0.000838
 0.060000 0.000052 0.001101
 0.070000 0.000067 0.001457
 0.080000 0.000086 0.001919
 0.090000 0.000110 0.002513
 0.100000 0.000142 0.003283
 0.110000 0.000185 0.004327
 0.120000 0.000242 0.005695
 0.130000 0.000321 0.007676
 0.140000 0.000424 0.010256
 0.150000 0.000560 0.013659
 0.160000 0.000737 0.018052
 0.170000 0.000971 0.023890
 0.180000 0.001275 0.031360
 0.190000 0.001663 0.040745
 0.200000 0.002165 0.052770
 0.210000 0.002835 0.068933
 0.220000 0.003691 0.089275
 0.230000 0.004793 0.115215
 0.240000 0.006247 0.149553
 0.250000 0.008116 0.193278
 0.260000 0.010512 0.248771
 0.270000 0.013574 0.318981
 0.280000 0.017390 0.404418
 0.290000 0.022198 0.510398
 0.300000 0.028204 0.640386
 0.310000 0.035652 0.798065
 0.320000 0.044791 0.986339
 0.330000 0.056106 1.215391
 0.340000 0.069925 1.488051
 0.350000 0.086766 1.812301
 0.360000 0.107177 2.195206
 0.370000 0.131776 2.644156
 0.380000 0.161141 3.162528
 0.390000 0.196103 3.760334
 0.400000 0.237570 4.447497
 0.410000 0.286234 5.222982
 0.420000 0.343197 6.097817
 0.430000 0.409333 7.071635
 0.440000 0.485880 8.154666
 0.450000 0.573699 9.340545
 0.460000 0.673925 10.631052
 0.470000 0.787476 12.018302
 0.480000 0.915372 13.497615
 0.490000 1.058490 15.058954
 0.500000 1.217534 16.687266
 0.510000 1.393100 18.365753
 0.520000 1.585603 20.074709
 0.530000 1.795192 21.789595
 0.540000 2.021866 23.486714
 0.550000 2.265303 25.138079
 0.560000 2.524911 26.714800
 0.570000 2.799730 28.184463
 0.580000 3.088598 29.518051
 0.590000 3.389985 30.684877
 0.600000 3.702072 31.655586
 0.610000 4.022769 32.403321
 0.620000 4.349692 32.902516
 0.630000 4.680265 33.132441
 0.640000 5.011721 33.076340
 0.650000 5.341121 32.721156
 0.660000 5.665420 32.058737
 0.670000 5.981574 31.088044
 0.680000 6.286485 29.811484
 0.690000 6.577091 28.236168
 0.700000 6.850502 26.377034
 0.710000 7.103947 24.252448
 0.720000 7.334928 21.887881
 0.730000 7.541178 19.311928
 0.740000 7.720751 16.557701
 0.750000 7.872043 13.661400
 0.760000 7.993814 10.661371
 0.770000 8.085214 7.597451
 0.780000 8.145824 4.511012
 0.790000 8.175619 1.442681
 0.800000 8.174970 -1.568288
 0.810000 8.144653 -4.484110
 0.820000 8.085794 -7.270325
 0.830000 7.999843 -9.896285
 0.840000 7.888553 -12.334943
 0.850000 7.753910 -14.564684
 0.860000 7.598060 -16.569592
 0.870000 7.423326 -18.338666
 0.880000 7.232107 -19.865744
 0.890000 7.026817 -21.150612
 0.900000 6.809869 -22.196922
 0.910000 6.583602 -23.013588
 0.920000 6.350269 -23.612493
 0.930000 6.111962 -24.008381
 0.940000 5.870603 -24.217742
 0.950000 5.627995 -24.260495
 0.960000 5.385688 -24.155443
 0.970000 5.145018 -23.921044
 0.980000 4.907219 -23.578073
 0.990000 4.673267 -23.144377
 1.000000 4.443982 -22.636576
 1.010000 4.220100 -22.072579
 1.020000 4.002044 -21.462456
 1.030000 3.790220 -20.817923
 1.040000 3.584962 -20.150242
 1.050000 3.386503 -19.468392
 1.060000 3.194802 -18.772369
 1.070000 3.010085 -18.072353
 1.080000 2.832326 -17.370089
 1.090000 2.661535 -16.668623
 1.100000 2.497675 -15.969696
 1.110000 2.340854 -15.280203
 1.120000 2.190873 -14.596401
 1.130000 2.047603 -13.917050
 1.140000 1.911210 -13.252041
 1.150000 1.781360 -12.593522
 1.160000 1.658121 -11.948580
 1.170000 1.541113 -11.308521
 1.180000 1.430531 -10.685875
 1.190000 1.326078 -10.076124
 1.200000 1.227733 -9.485123
 1.210000 1.135205 -8.909472
 1.220000 1.048360 -8.351760
 1.230000 0.967016 -7.813271
 1.240000 0.891010 -7.296346
 1.250000 0.820083 -6.800049
 1.260000 0.754080 -6.327306
 1.270000 0.692694 -5.875670
 1.280000 0.635729 -5.446766
 1.290000 0.582932 -5.039940
 1.300000 0.534137 -4.657688
 1.310000 0.489057 -4.297810
 1.320000 0.447470 -3.960265
 1.330000 0.409158 -3.644777
 1.340000 0.373900 -3.350661
 1.350000 0.341519 -3.078352
 1.360000 0.311771 -2.825592
 1.370000 0.284457 -2.591186
 1.380000 0.259414 -2.374883
 1.390000 0.236469 -2.175568
 1.400000 0.215420 -1.990785
 1.410000 0.196145 -1.820474
 1.420000 0.178551 -1.665335
 1.430000 0.162458 -1.522542
 1.440000 0.147770 -1.391971
 1.450000 0.134333 -1.271117
 1.460000 0.122060 -1.159690
 1.470000 0.110852 -1.056658
 1.480000 0.100633 -0.961614
 1.490000 0.091336 -0.874446
 1.500000 0.082893 -0.794741
 1.510000 0.075222 -0.721447
 1.520000 0.068264 -0.654189
 1.530000 0.061968 -0.592904
 1.540000 0.056264 -0.536570
 1.550000 0.051105 -0.484977
 1.560000 0.046448 -0.437935
 1.570000 0.042232 -0.394572
 1.580000 0.038423 -0.354830
 1.590000 0.035008 -0.319367
 1.600000 0.031938 -0.287395
 1.610000 0.029168 -0.258292
 1.620000 0.026685 -0.232393
 1.630000 0.024449 -0.208988
 1.640000 0.022443 -0.188243
 1.650000 0.020634 -0.169496
 1.660000 0.019005 -0.152714
 1.670000 0.017538 -0.137697
 1.680000 0.016211 -0.124122
 1.690000 0.015012 -0.111877
 1.700000 0.013931 -0.101008
 1.710000 0.012953 -0.091235
 1.720000 0.012071 -0.082598
 1.730000 0.011272 -0.074845
 1.740000 0.010547 -0.067927
 1.750000 0.009890 -0.061825
 1.760000 0.009290 -0.056340
 1.770000 0.008744 -0.051522
 1.780000 0.008244 -0.047279
 1.790000 0.007783 -0.043541
 1.800000 0.007358 -0.040268
 1.810000 0.006964 -0.037449
 1.820000 0.006597 -0.035028
 1.830000 0.006253 -0.032979
 1.840000 0.005929 -0.031206
 1.850000 0.005621 -0.029680
 1.860000 0.005328 -0.028350
 1.870000 0.005047 -0.027182
 1.880000 0.004779 -0.026130
 1.890000 0.004520 -0.025131
 1.900000 0.004272 -0.024178
 1.910000 0.004033 -0.023219
 1.920000 0.003803 -0.022252
 1.930000 0.003584 -0.021254
 1.940000 0.003376 -0.020227
 1.950000 0.003178 -0.019148
 1.960000 0.002991 -0.018023
 1.970000 0.002815 -0.016868
 1.980000 0.002651 -0.015696
 1.990000 0.002499 -0.014503
 2.000000 0.002362 -0.013325
