#! FIELDS time sh sp q6l.mean b1.bias b1.rct
 0.000000 -1.025095 -2.434413 0.132338 0.000000 0.000000
 0.010000 -1.029342 -2.617650 0.150604 0.009002 0.004326
 0.020000 -1.022915 -2.394646 0.138042 0.028863 0.010021
 0.030000 -1.027826 -2.503578 0.147762 0.053870 0.020951
 0.040000 -1.030847 -2.482447 0.144737 0.103766 0.040942
 0.050000 -1.027739 -2.542790 0.147806 0.137355 0.064364
 0.060000 -1.026410 -2.554566 0.138494 0.147080 0.092791
 0.070000 -1.025335 -2.462120 0.122852 0.071692 0.107791
 0.080000 -1.027148 -2.456207 0.146140 0.217011 0.138050
 0.090000 -1.027263 -2.517802 0.163118 0.116437 0.145057
 0.100000 -1.017322 -2.278039 0.123343 0.127212 0.158833
 0.110000 -1.033487 -2.680474 0.176357 0.047087 0.175282
 0.120000 -1.028382 -2.656945 0.156868 0.212110 0.198274
 0.130000 -1.028311 -2.599833 0.169615 0.121085 0.213064
 0.140000 -1.021306 -2.377910 0.156686 0.263953 0.230037
 0.150000 -1.023694 -2.517138 0.165364 0.211043 0.249695
 0.160000 -1.021702 -2.314926 0.128702 0.245867 0.262139
 0.170000 -1.031149 -2.698778 0.150145 0.349925 0.280826
 0.180000 -1.024324 -2.400614 0.145199 0.375900 0.295359
 0.190000 -1.027367 -2.606934 0.175362 0.139394 0.303504
 0.200000 -1.029593 -2.557273 0.167664 0.237396 0.319129
 0.210000 -1.028483 -2.550840 0.183838 0.091871 0.332960
 0.220000 -1.026157 -2.489360 0.123453 0.252077 0.337662
 0.230000 -1.023785 -2.401787 0.126227 0.330639 0.347060
 0.240000 -1.028842 -2.657274 0.186719 0.090229 0.360252
 0.250000 -1.030637 -2.726123 0.193143 0.084980 0.360165
 0.260000 -1.048610 -3.166054 0.304854 0.000000 0.360077
 0.270000 -1.054597 -3.521869 0.371175 0.015890 0.359988
 0.280000 -1.054599 -3.376095 0.361249 0.034367 0.359899
 0.290000 -1.054443 -3.390497 0.371895 0.079992 0.359810
 0.300000 -1.053667 -3.501904 0.385369 0.062865 0.359722
 0.310000 -1.048711 -3.267000 0.344680 0.022699 0.359633
 0.320000 -1.060403 -3.692171 0.387629 0.101005 0.359546
 0.330000 -1.060991 -3.748140 0.407956 0.025437 0.359459
 0.340000 -1.057047 -3.547719 0.377004 0.163237 0.359379
 0.350000 -1.049251 -3.214525 0.327519 0.009263 0.359293
 0.360000 -1.052683 -3.356456 0.352913 0.134015 0.359208
 0.370000 -1.060429 -3.654118 0.387774 0.162307 0.359131
 0.380000 -1.055610 -3.497230 0.376841 0.211150 0.359058
 0.390000 -1.056849 -3.679255 0.396800 0.138765 0.358983
 0.400000 -1.049170 -3.210834 0.333458 0.073196 0.358897
 0.410000 -1.052432 -3.296021 0.359650 0.212201 0.358830
 0.420000 -1.063193 -3.875642 0.405827 0.114585 0.358746
 0.430000 -1.051680 -3.284743 0.341838 0.129555 0.358705
 0.440000 -1.062111 -3.722464 0.387450 0.219195 0.358653
 0.450000 -1.050802 -3.382593 0.374910 0.265889 0.358645
 0.460000 -1.058589 -3.629859 0.388538 0.242125 0.358625
 0.470000 -1.049581 -3.270904 0.347001 0.204176 0.358592
 0.480000 -1.047779 -3.173205 0.320460 0.101042 0.358672
 0.490000 -1.045777 -3.084279 0.312553 0.088648 0.358588
 0.500000 -1.050680 -3.248601 0.336763 0.205018 0.358523
 0.510000 -1.040434 -2.906383 0.276712 0.018144 0.358497
 0.520000 -1.057209 -3.621423 0.397833 0.231913 0.358642
 0.530000 -1.049969 -3.348823 0.361786 0.303385 0.358953
 0.540000 -1.064360 -4.068617 0.424412 0.041251 0.359211
 0.550000 -1.046711 -3.108176 0.313890 0.124929 0.359168
 0.560000 -1.056667 -3.487187 0.374553 0.342181 0.360322
 0.570000 -1.062982 -3.805266 0.407033 0.204510 0.360385
 0.580000 -1.053266 -3.372051 0.367849 0.348600 0.362087
 0.590000 -1.055574 -3.414421 0.363687 0.357269 0.365483
 0.600000 -1.062221 -3.814306 0.404219 0.258743 0.366185
 0.610000 -1.049901 -3.205617 0.336812 0.268732 0.366473
 0.620000 -1.050603 -3.278000 0.348036 0.321902 0.370148
 0.630000 -1.053201 -3.353972 0.353539 0.355827 0.371674
 0.640000 -1.049212 -3.246133 0.343630 0.338099 0.372451
 0.650000 -1.046789 -3.144677 0.325857 0.265891 0.372853
 0.660000 -1.060277 -3.683360 0.395350 0.362094 0.374563
 0.670000 -1.055626 -3.454047 0.374440 0.421444 0.380550
 0.680000 -1.045954 -3.081088 0.294612 0.121294 0.380710
 0.690000 -1.043408 -3.047942 0.281422 0.077850 0.380629
 0.700000 -1.043708 -2.998877 0.313192 0.210715 0.380603
 0.710000 -1.056364 -3.555301 0.386160 0.429877 0.386706
 0.720000 -1.041445 -2.985173 0.278809 0.101536 0.393441
 0.730000 -1.055690 -3.546181 0.380601 0.469887 0.407420
 0.740000 -1.058750 -3.568947 0.378054 0.486570 0.417776
 0.750000 -1.045548 -3.117860 0.308168 0.208007 0.427175
 0.760000 -1.040296 -2.922548 0.249851 0.025913 0.427095
 0.770000 -1.051356 -3.264942 0.328076 0.330013 0.427151
 0.780000 -1.047063 -3.161713 0.302087 0.211666 0.427230
 0.790000 -1.065894 -4.108845 0.418034 0.194569 0.428150
 0.800000 -1.036037 -2.771811 0.269037 0.090059 0.431926
 0.810000 -1.046649 -3.123094 0.325910 0.354092 0.432031
 0.820000 -1.036796 -2.842111 0.236033 0.019101 0.431952
 0.830000 -1.049904 -3.339951 0.345601 0.402283 0.432780
 0.840000 -1.062086 -3.792212 0.403284 0.400880 0.434904
 0.850000 -1.049243 -3.185577 0.327773 0.392856 0.435263
 0.860000 -1.054817 -3.465324 0.373513 0.515632 0.447248
 0.870000 -1.063396 -3.891755 0.416993 0.272676 0.447605
 0.880000 -1.049515 -3.228558 0.354502 0.456128 0.456710
 0.890000 -1.049764 -3.216789 0.359430 0.489934 0.463558
 0.900000 -1.053382 -3.456970 0.371047 0.545408 0.474687
 0.910000 -1.038639 -2.905819 0.252742 0.078228 0.474697
 0.920000 -1.061049 -3.877338 0.410286 0.388881 0.484800
 0.930000 -1.049012 -3.207374 0.326723 0.419448 0.488736
 0.940000 -1.049847 -3.222222 0.308011 0.290898 0.488690
 0.950000 -1.038062 -2.772872 0.267703 0.163774 0.488614
 0.960000 -1.065712 -4.080575 0.420485 0.256325 0.490177
 0.970000 -1.051463 -3.294954 0.345810 0.482074 0.492047
 0.980000 -1.056968 -3.573434 0.390373 0.534874 0.502013
 0.990000 -1.044703 -2.978552 0.305831 0.299134 0.501979
 1.000000 -1.038521 -2.904138 0.293570 0.278573 0.501908
 1.010000 -1.062295 -3.877842 0.407609 0.461447 0.508638
 1.020000 -1.056465 -3.647419 0.405602 0.494290 0.518198
 1.030000 -1.049595 -3.211331 0.331582 0.462099 0.518508
 1.040000 -1.054384 -3.403412 0.377722 0.598128 0.531223
 1.050000 -1.052285 -3.284535 0.338067 0.489186 0.538615
 1.060000 -1.059323 -3.732950 0.410525 0.459671 0.548333
 1.070000 -1.050684 -3.248960 0.341969 0.515442 0.557491
 1.080000 -1.054267 -3.420921 0.337704 0.516374 0.560356
 1.090000 -1.066105 -4.095328 0.422545 0.274523 0.562700
 1.100000 -1.042741 -2.971279 0.276497 0.227488 0.562659
 1.110000 -1.048845 -3.165564 0.313176 0.400319 0.562630
 1.120000 -1.060859 -3.689660 0.392170 0.600432 0.567644
 1.130000 -1.036143 -2.797132 0.255092 0.157021 0.567575
 1.140000 -1.038859 -2.882056 0.227865 0.073746 0.567502
 1.150000 -1.048914 -3.122935 0.316760 0.456918 0.567517
 1.160000 -1.047333 -3.144880 0.338286 0.537143 0.572670
 1.170000 -1.034672 -2.729667 0.224074 0.099773 0.572597
 1.180000 -1.030919 -2.621740 0.191692 0.139523 0.572526
 1.190000 -1.044198 -3.033330 0.247904 0.180657 0.572453
 1.200000 -1.044876 -3.053338 0.278778 0.287234 0.572382
 1.210000 -1.036747 -2.782037 0.239495 0.173725 0.572340
 1.220000 -1.049578 -3.248385 0.345040 0.568505 0.573890
 1.230000 -1.051639 -3.327702 0.343390 0.577564 0.575664
 1.240000 -1.053397 -3.372722 0.366497 0.639310 0.584715
 1.250000 -1.047543 -3.148651 0.294566 0.371933 0.590577
 1.260000 -1.034093 -2.678158 0.170558 0.248603 0.590507
 1.270000 -1.024756 -2.493204 0.143382 0.455795 0.590451
 1.280000 -1.030465 -2.726965 0.180866 0.215552 0.590395
 1.290000 -1.031738 -2.653758 0.159786 0.391165 0.590348
 1.300000 -1.022063 -2.393567 0.125199 0.365159 0.590316
 1.310000 -1.031528 -2.618299 0.155415 0.445198 0.590286
 1.320000 -1.028522 -2.605986 0.118538 0.284309 0.590238
 1.330000 -1.022923 -2.448456 0.130801 0.499652 0.590320
 1.340000 -1.030362 -2.657932 0.170380 0.321391 0.590346
 1.350000 -1.029731 -2.598885 0.143403 0.542364 0.590472
 1.360000 -1.031664 -2.691510 0.167021 0.393030 0.590436
 1.370000 -1.027550 -2.560280 0.165303 0.425245 0.590636
 1.380000 -1.027776 -2.581545 0.156449 0.509610 0.590756
 1.390000 -1.028991 -2.541018 0.156627 0.522962 0.591014
 1.400000 -1.027078 -2.586662 0.133985 0.575587 0.591719
 1.410000 -1.030305 -2.646861 0.181008 0.304199 0.592299
 1.420000 -1.031260 -2.653333 0.179250 0.348036 0.592314
 1.430000 -1.026582 -2.415214 0.153183 0.564990 0.592908
 1.440000 -1.029776 -2.592068 0.174217 0.417985 0.593983
 1.450000 -1.027888 -2.602451 0.131094 0.595097 0.596961
 1.460000 -1.027836 -2.481116 0.132180 0.616943 0.599117
 1.470000 -1.034595 -2.756478 0.224623 0.152680 0.599058
 1.480000 -1.027927 -2.596936 0.178384 0.418334 0.599056
 1.490000 -1.034344 -2.696906 0.209022 0.185242 0.598987
 1.500000 -1.036502 -2.758581 0.223471 0.195990 0.598926
 1.510000 -1.038593 -2.822593 0.286906 0.366411 0.598862
 1.520000 -1.039904 -2.906071 0.240035 0.216664 0.598795
 1.530000 -1.060013 -3.655472 0.391381 0.616595 0.606605
 1.540000 -1.069481 -4.233417 0.421024 0.340571 0.609863
 1.550000 -1.062419 -3.949629 0.415265 0.457719 0.615942
 1.560000 -1.045955 -3.046010 0.308928 0.459017 0.617229
 1.570000 -1.049746 -3.224282 0.324177 0.530553 0.617412
 1.580000 -1.046326 -3.123004 0.324917 0.547608 0.624411
 1.590000 -1.054392 -3.477258 0.386120 0.669536 0.635090
 1.600000 -1.067775 -4.126677 0.426748 0.255387 0.635384
 1.610000 -1.057561 -3.655755 0.390991 0.663805 0.639250
 1.620000 -1.045004 -3.116230 0.316091 0.534417 0.640254
 1.630000 -1.067414 -4.194673 0.430153 0.211647 0.641918
 1.640000 -1.066229 -4.018235 0.418804 0.453670 0.646349
 1.650000 -1.041405 -2.937173 0.276818 0.338650 0.646286
 1.660000 -1.039869 -2.820423 0.259733 0.279475 0.646221
 1.670000 -1.038129 -2.853193 0.231026 0.241976 0.646156
 1.680000 -1.041536 -2.978812 0.267485 0.326012 0.646093
 1.690000 -1.049203 -3.281364 0.347807 0.665662 0.649232
 1.700000 -1.041943 -2.953669 0.281782 0.411653 0.649322
 1.710000 -1.040471 -2.900303 0.254154 0.298966 0.649258
 1.720000 -1.044302 -2.990750 0.284904 0.445147 0.652225
 1.730000 -1.038395 -2.916392 0.210696 0.243725 0.652161
 1.740000 -1.051182 -3.355827 0.339664 0.668851 0.654205
 1.750000 -1.048150 -3.122686 0.304737 0.502799 0.659966
 1.760000 -1.043839 -3.043855 0.311166 0.555355 0.660023
 1.770000 -1.056324 -3.516977 0.386275 0.697841 0.668851
 1.780000 -1.063457 -3.828782 0.404073 0.632505 0.675762
 1.790000 -1.055427 -3.461593 0.377477 0.731357 0.681294
 1.800000 -1.054745 -3.519251 0.389778 0.710154 0.684618
 1.810000 -1.066643 -4.136269 0.426046 0.352012 0.688365
 1.820000 -1.052275 -3.346002 0.363922 0.752841 0.694915
 1.830000 -1.066920 -4.154288 0.428871 0.304072 0.701693
 1.840000 -1.057021 -3.479550 0.365952 0.776046 0.712176
 1.850000 -1.054847 -3.448955 0.360988 0.774366 0.718330
 1.860000 -1.049204 -3.330513 0.361008 0.785472 0.725086
 1.870000 -1.069597 -4.267923 0.432961 0.228066 0.726812
 1.880000 -1.056831 -3.563438 0.382369 0.781010 0.733660
 1.890000 -1.062780 -3.952142 0.422895 0.465292 0.740672
 1.900000 -1.056290 -3.563142 0.391537 0.769157 0.743693
 1.910000 -1.042386 -2.955937 0.323627 0.649078 0.746683
 1.920000 -1.045955 -3.120167 0.291982 0.509989 0.746928
 1.930000 -1.047693 -3.144829 0.310620 0.589100 0.753722
 1.940000 -1.048761 -3.214174 0.358870 0.804845 0.765612
 1.950000 -1.042693 -2.987101 0.259301 0.352328 0.765551
 1.960000 -1.038260 -2.896979 0.236172 0.283122 0.765490
 1.970000 -1.044114 -3.048918 0.299682 0.549910 0.765501
 1.980000 -1.041668 -2.915856 0.241774 0.308216 0.765476
 1.990000 -1.047723 -3.173215 0.341390 0.727671 0.766320
 2.000000 -1.057234 -3.557853 0.384583 0.818630 0.771671
 2.010000 -1.045135 -3.046079 0.331023 0.719428 0.774614
 2.020000 -1.026866 -2.529713 0.188612 0.352590 0.774553
 2.030000 -1.035472 -2.778609 0.201995 0.278517 0.774492
 2.040000 -1.032232 -2.776762 0.203881 0.294776 0.774431
 2.050000 -1.050892 -3.304460 0.349026 0.777544 0.776813
 2.060000 -1.062268 -3.794011 0.400500 0.755699 0.779932
 2.070000 -1.062951 -3.958701 0.421369 0.516425 0.781733
 2.080000 -1.043586 -3.006547 0.285836 0.532900 0.781991
 2.090000 -1.055637 -3.556643 0.381513 0.840992 0.787576
 2.100000 -1.059030 -3.712154 0.403719 0.752974 0.795217
 2.110000 -1.059523 -3.702780 0.394069 0.839874 0.804312
 2.120000 -1.038951 -2.866919 0.267352 0.445494 0.804795
 2.130000 -1.063275 -3.953227 0.417885 0.601350 0.806128
 2.140000 -1.063860 -4.045904 0.422403 0.537287 0.809212
 2.150000 -1.060596 -3.741988 0.401117 0.803116 0.817182
 2.160000 -1.058598 -3.633717 0.401636 0.809483 0.819248
 2.170000 -1.039710 -2.861526 0.244025 0.363817 0.819199
 2.180000 -1.041880 -2.901230 0.254464 0.436370 0.819141
 2.190000 -1.041001 -2.950614 0.253116 0.446079 0.819136
 2.200000 -1.057340 -3.551246 0.378313 0.885148 0.826500
 2.210000 -1.053249 -3.469820 0.371890 0.892837 0.834052
 2.220000 -1.044453 -3.016438 0.314581 0.674386 0.834019
 2.230000 -1.050250 -3.331447 0.350752 0.825655 0.835658
 2.240000 -1.039486 -2.856657 0.266422 0.495835 0.835600
 2.250000 -1.039895 -2.896917 0.272266 0.524986 0.835543
 2.260000 -1.057062 -3.617877 0.388097 0.901207 0.846030
 2.270000 -1.054548 -3.402593 0.354387 0.853667 0.848219
 2.280000 -1.066877 -4.116742 0.422774 0.575668 0.850505
 2.290000 -1.061872 -3.912542 0.418637 0.671062 0.850793
 2.300000 -1.046122 -3.107306 0.303708 0.635974 0.850744
 2.310000 -1.054733 -3.399633 0.363187 0.907491 0.855319
 2.320000 -1.033556 -2.723247 0.179438 0.441467 0.855262
 2.330000 -1.036740 -2.810653 0.220978 0.356580 0.855205
 2.340000 -1.037883 -2.804383 0.235733 0.380986 0.855147
 2.350000 -1.039419 -2.893024 0.264400 0.531965 0.855090
 2.360000 -1.056997 -3.568996 0.380580 0.917933 0.860813
 2.370000 -1.049360 -3.197212 0.318270 0.737599 0.861577
 2.380000 -1.052110 -3.272666 0.344495 0.850156 0.864857
 2.390000 -1.064305 -4.194675 0.434932 0.289233 0.868256
 2.400000 -1.056840 -3.542841 0.374769 0.936826 0.877751
 2.410000 -1.049922 -3.243787 0.306234 0.677910 0.882494
 2.420000 -1.032656 -2.719427 0.205568 0.336959 0.882445
 2.430000 -1.033890 -2.714447 0.211623 0.363859 0.882389
 2.440000 -1.040337 -2.932139 0.243715 0.439366 0.882333
 2.450000 -1.041790 -2.977362 0.292674 0.655584 0.882283
 2.460000 -1.057768 -3.653516 0.391651 0.938846 0.887000
 2.470000 -1.066510 -4.140531 0.422534 0.625332 0.892752
 2.480000 -1.050418 -3.228931 0.345535 0.872994 0.899583
 2.490000 -1.042259 -2.929684 0.267072 0.560513 0.899530
 2.500000 -1.039329 -2.922344 0.196667 0.380049 0.899474
 2.510000 -1.035965 -2.807412 0.215737 0.397121 0.899418
 2.520000 -1.038576 -2.784408 0.203919 0.406083 0.899362
 2.530000 -1.037741 -2.813615 0.210304 0.442243 0.899307
 2.540000 -1.045400 -3.109142 0.320438 0.774620 0.899299
 2.550000 -1.033604 -2.693717 0.228002 0.447375 0.899249
 2.560000 -1.037962 -2.871586 0.280878 0.615114 0.905117
 2.570000 -1.059540 -3.678390 0.378045 0.980625 0.911389
 2.580000 -1.051188 -3.260536 0.342764 0.871915 0.912947
 2.590000 -1.058020 -3.622160 0.388514 0.979173 0.918259
 2.600000 -1.055510 -3.502961 0.370232 0.976260 0.923300
 2.610000 -1.051063 -3.295165 0.343133 0.887934 0.928462
 2.620000 -1.067323 -4.241756 0.432421 0.388530 0.928754
 2.630000 -1.053421 -3.353049 0.364036 0.969184 0.932655
 2.640000 -1.055776 -3.601427 0.389041 0.991733 0.942995
 2.650000 -1.069007 -4.413955 0.437362 0.268845 0.945037
 2.660000 -1.068580 -4.277984 0.430536 0.502526 0.944987
 2.670000 -1.062542 -3.891769 0.396125 0.965471 0.948292
 2.680000 -1.056418 -3.503853 0.368028 1.003584 0.953032
 2.690000 -1.038842 -2.834856 0.271299 0.594707 0.953119
 2.700000 -1.039608 -2.857469 0.232631 0.462758 0.953065
 2.710000 -1.030633 -2.595987 0.153843 0.616819 0.953012
 2.720000 -1.027075 -2.471249 0.123535 0.498992 0.952960
 2.730000 -1.029135 -2.562125 0.115079 0.303230 0.952905
 2.740000 -1.031791 -2.648485 0.167988 0.552378 0.952850
 2.750000 -1.025228 -2.534523 0.147418 0.670799 0.952798
 2.760000 -1.023413 -2.391199 0.123359 0.561311 0.952746
 2.770000 -1.022322 -2.345283 0.109765 0.224278 0.952692
 2.780000 -1.024411 -2.503498 0.164619 0.594929 0.952640
 2.790000 -1.023898 -2.420936 0.167455 0.587160 0.952587
 2.800000 -1.030846 -2.657691 0.170018 0.589716 0.952535
 2.810000 -1.027333 -2.610004 0.143293 0.716575 0.952484
 2.820000 -1.026280 -2.445564 0.134686 0.718538 0.952433
 2.830000 -1.030363 -2.623953 0.111052 0.306070 0.952381
 2.840000 -1.026351 -2.584496 0.147812 0.732906 0.952328
 2.850000 -1.030140 -2.658091 0.156917 0.713992 0.952278
 2.860000 -1.031774 -2.680543 0.176947 0.542800 0.952228
 2.870000 -1.032641 -2.686005 0.223935 0.486065 0.952176
 2.880000 -1.034119 -2.759957 0.207011 0.491043 0.952124
 2.890000 -1.042330 -2.958095 0.246927 0.531662 0.952071
 2.900000 -1.042255 -2.936868 0.244656 0.544977 0.952019
 2.910000 -1.062942 -3.917471 0.412240 0.820446 0.953958
 2.920000 -1.067530 -4.210942 0.427029 0.613247 0.955085
 2.930000 -1.047651 -3.178396 0.324619 0.836132 0.960452
 2.940000 -1.052546 -3.317143 0.339359 0.913020 0.965540
 2.950000 -1.042422 -2.983505 0.261997 0.623353 0.965489
 2.960000 -1.041086 -2.915663 0.270365 0.635554 0.965439
 2.970000 -1.046911 -3.100596 0.295475 0.723104 0.965401
 2.980000 -1.047290 -3.161297 0.314809 0.805211 0.965804
 2.990000 -1.062064 -3.824305 0.407282 0.897425 0.968204
 3.000000 -1.050051 -3.175266 0.331364 0.890742 0.968301
 3.010000 -1.031903 -2.651935 0.194448 0.481354 0.968250
 3.020000 -1.027953 -2.498549 0.148244 0.763228 0.968201
 3.030000 -1.026166 -2.444395 0.149341 0.782433 0.968155
 3.040000 -1.024944 -2.415743 0.139457 0.791610 0.968108
 3.050000 -1.030841 -2.658214 0.155652 0.765423 0.968059
 3.060000 -1.025377 -2.615893 0.141626 0.814538 0.968017
 3.070000 -1.031706 -2.638229 0.167239 0.681240 0.967967
 3.080000 -1.031497 -2.639214 0.156238 0.788773 0.967923
 3.090000 -1.024726 -2.435199 0.135695 0.810046 0.967880
 3.100000 -1.021830 -2.368169 0.131811 0.797733 0.967846
 3.110000 -1.031347 -2.593124 0.175665 0.626468 0.967810
 3.120000 -1.032508 -2.789051 0.182230 0.588121 0.967760
 3.130000 -1.039413 -2.909269 0.250512 0.609462 0.967710
 3.140000 -1.051104 -3.270329 0.342779 0.944095 0.970494
 3.150000 -1.065483 -4.034776 0.424452 0.689120 0.973695
 3.160000 -1.043143 -3.051688 0.283536 0.693557 0.977350
 3.170000 -1.056069 -3.507035 0.370893 1.046505 0.982648
 3.180000 -1.060102 -3.670391 0.392886 1.031950 0.987601
 3.190000 -1.069566 -4.324464 0.432528 0.485144 0.988356
 3.200000 -1.052892 -3.359788 0.358414 1.008904 0.990763
 3.210000 -1.048324 -3.224819 0.318351 0.839920 0.993226
 3.220000 -1.045300 -3.027064 0.278698 0.684328 0.998499
 3.230000 -1.042176 -2.980268 0.304689 0.783763 0.998477
 3.240000 -1.048626 -3.168083 0.320834 0.883916 0.998490
 3.250000 -1.043391 -3.032760 0.263979 0.678691 0.998441
 3.260000 -1.045184 -3.065091 0.294578 0.766216 0.998394
 3.270000 -1.063883 -3.919318 0.415300 0.852780 0.998576
 3.280000 -1.052102 -3.361629 0.330499 0.927530 0.998686
 3.290000 -1.047388 -3.181015 0.304308 0.820201 0.998647
 3.300000 -1.042370 -3.070014 0.306902 0.840624 1.002769
 3.310000 -1.048641 -3.168958 0.326345 0.932632 1.003069
 3.320000 -1.053047 -3.408674 0.355948 1.017524 1.005232
 3.330000 -1.054699 -3.421935 0.367995 1.070365 1.013714
 3.340000 -1.036562 -2.779254 0.227748 0.546797 1.013674
 3.350000 -1.038077 -2.917524 0.270586 0.706745 1.013625
 3.360000 -1.038629 -2.906693 0.236869 0.599512 1.013577
 3.370000 -1.044183 -3.070635 0.304472 0.852198 1.013541
 3.380000 -1.055222 -3.460946 0.372576 1.084527 1.019281
 3.390000 -1.052316 -3.335926 0.345459 0.996077 1.022993
 3.400000 -1.059903 -3.720427 0.395974 1.048648 1.025543
 3.410000 -1.053419 -3.388374 0.360663 1.066538 1.029605
 3.420000 -1.061161 -3.756250 0.401394 1.023789 1.035460
 3.430000 -1.068554 -4.261716 0.434552 0.473082 1.035415
 3.440000 -1.054340 -3.396312 0.365822 1.106924 1.042630
 3.450000 -1.064264 -3.982088 0.420416 0.830179 1.044828
 3.460000 -1.051818 -3.330639 0.340251 1.005550 1.046083
 3.470000 -1.050123 -3.256226 0.351535 1.055379 1.048109
 3.480000 -1.036155 -2.811757 0.209312 0.542577 1.048114
 3.490000 -1.028861 -2.546185 0.178680 0.642710 1.048066
 3.500000 -1.030789 -2.605300 0.179603 0.654608 1.048018
 3.510000 -1.025920 -2.377341 0.108936 0.318110 1.047971
 3.520000 -1.025056 -2.396123 0.135178 0.849953 1.047926
 3.530000 -1.023858 -2.389740 0.112077 0.446304 1.047881
 3.540000 -1.025499 -2.464857 0.155080 0.828380 1.047838
 3.550000 -1.027280 -2.575378 0.165454 0.775735 1.047793
 3.560000 -1.031060 -2.653004 0.157183 0.842676 1.047748
 3.570000 -1.030201 -2.535070 0.168886 0.767716 1.047706
 3.580000 -1.018483 -2.324492 0.163603 0.832531 1.047663
 3.590000 -1.021231 -2.353692 0.138007 0.890702 1.047622
 3.600000 -1.027911 -2.496352 0.112035 0.510154 1.047575
 3.610000 -1.027216 -2.438107 0.125269 0.824114 1.047540
 3.620000 -1.023837 -2.463542 0.157676 0.885835 1.047511
 3.630000 -1.021903 -2.431847 0.144658 0.930847 1.047485
 3.640000 -1.029103 -2.523029 0.148540 0.945720 1.047480
 3.650000 -1.027497 -2.480173 0.127343 0.875164 1.047454
 3.660000 -1.026524 -2.432227 0.117841 0.720790 1.047415
 3.670000 -1.026525 -2.551181 0.180942 0.683410 1.047392
 3.680000 -1.026269 -2.511220 0.134307 0.951063 1.047387
 3.690000 -1.025614 -2.442422 0.136248 0.966649 1.047393
 3.700000 -1.031854 -2.640132 0.219556 0.566690 1.047409
 3.710000 -1.036063 -2.805925 0.177021 0.754134 1.047368
 3.720000 -1.036048 -2.895148 0.189402 0.647180 1.047321
 3.730000 -1.023055 -2.454787 0.136307 0.990758 1.047443
 3.740000 -1.026417 -2.519189 0.143220 1.002415 1.047524
 3.750000 -1.025264 -2.565152 0.154577 0.962442 1.047607
 3.760000 -1.021972 -2.401346 0.133092 0.997996 1.047827
 3.770000 -1.022663 -2.400105 0.122197 0.880144 1.047883
 3.780000 -1.021664 -2.367339 0.114108 0.686871 1.047902
 3.790000 -1.029216 -2.661813 0.186231 0.690953 1.048091
 3.800000 -1.033641 -2.679025 0.192356 0.649242 1.048369
 3.810000 -1.039508 -2.830539 0.245576 0.643516 1.048323
 3.820000 -1.040163 -2.886807 0.232103 0.615274 1.048278
 3.830000 -1.028659 -2.593257 0.190888 0.685617 1.048232
 3.840000 -1.042339 -2.958735 0.245813 0.662327 1.048187
 3.850000 -1.034592 -2.667080 0.201975 0.645037 1.048142
 3.860000 -1.035130 -2.780322 0.218023 0.622807 1.048096
 3.870000 -1.035871 -2.794729 0.207195 0.665088 1.048051
 3.880000 -1.040053 -2.961036 0.253610 0.696120 1.048006
 3.890000 -1.032723 -2.739745 0.226277 0.657194 1.047961
 3.900000 -1.029860 -2.597020 0.223573 0.671098 1.047917
 3.910000 -1.044090 -3.074398 0.254882 0.719858 1.047903
 3.920000 -1.038360 -2.858658 0.269145 0.737467 1.047859
 3.930000 -1.053152 -3.420938 0.362350 1.109939 1.051710
 3.940000 -1.043641 -3.094204 0.269986 0.768551 1.051666
 3.950000 -1.041947 -3.017052 0.297056 0.853801 1.051636
 3.960000 -1.043858 -3.040399 0.287133 0.823797 1.051593
 3.970000 -1.046726 -3.165342 0.316302 0.947782 1.051614
 3.980000 -1.039769 -2.929674 0.235931 0.683625 1.051570
 3.990000 -1.031333 -2.689467 0.190480 0.729696 1.051526
 4.000000 -1.022803 -2.411042 0.151194 1.021871 1.051926
 4.010000 -1.028107 -2.558871 0.135996 1.041636 1.052448
 4.020000 -1.028339 -2.528705 0.123118 0.931443 1.052589
 4.030000 -1.025198 -2.424432 0.141805 1.063071 1.053247
 4.040000 -1.032954 -2.660095 0.161969 0.972019 1.053516
 4.050000 -1.028083 -2.529860 0.109883 0.564855 1.054006
 4.060000 -1.022531 -2.387959 0.114652 0.758347 1.054099
 4.070000 -1.032448 -2.661363 0.181957 0.790311 1.054972
 4.080000 -1.029916 -2.604424 0.178300 0.840856 1.054988
 4.090000 -1.026050 -2.428339 0.150511 1.070416 1.055878
 4.100000 -1.031396 -2.667049 0.178158 0.858279 1.056825
 4.110000 -1.025421 -2.378234 0.120445 0.919864 1.057646
 4.120000 -1.025941 -2.415385 0.104774 0.402739 1.059110
 4.130000 -1.023782 -2.385532 0.133698 1.083841 1.060719
 4.140000 -1.028046 -2.537704 0.205565 0.709956 1.060680
 4.150000 -1.026789 -2.543980 0.171699 0.930875 1.062796
 4.160000 -1.033453 -2.710803 0.178131 0.884755 1.065085
 4.170000 -1.031891 -2.589007 0.161535 1.035396 1.066649
 4.180000 -1.024148 -2.452067 0.139357 1.125382 1.070285
 4.190000 -1.026495 -2.451118 0.115430 0.835983 1.070697
 4.200000 -1.025685 -2.422916 0.146312 1.134421 1.073884
 4.210000 -1.031591 -2.650048 0.194577 0.780669 1.073844
 4.220000 -1.034745 -2.700889 0.198093 0.771683 1.074240
 4.230000 -1.027176 -2.545008 0.162352 1.056009 1.075464
 4.240000 -1.036584 -2.840429 0.212579 0.715648 1.075421
 4.250000 -1.036977 -2.796039 0.225630 0.720902 1.075379
 4.260000 -1.058678 -3.605627 0.383089 1.103760 1.077093
 4.270000 -1.059648 -3.666210 0.385107 1.110331 1.078977
 4.280000 -1.052168 -3.361344 0.367730 1.131514 1.081339
 4.290000 -1.060290 -3.815750 0.409655 0.973030 1.081826
 4.300000 -1.073393 -4.708149 0.447323 0.128256 1.082098
 4.310000 -1.069265 -4.328045 0.435277 0.490740 1.083570
 4.320000 -1.053369 -3.440371 0.381942 1.127400 1.086253
 4.330000 -1.060110 -3.833919 0.407515 1.013778 1.087056
 4.340000 -1.056377 -3.578733 0.392930 1.122903 1.088982
 4.350000 -1.045410 -3.103741 0.324445 0.999739 1.089408
 4.360000 -1.067909 -4.350698 0.439479 0.367916 1.090287
 4.370000 -1.048143 -3.275360 0.332169 1.041521 1.091894
 4.380000 -1.054288 -3.402373 0.353321 1.108418 1.095282
 4.390000 -1.054234 -3.472396 0.371625 1.151299 1.098904
 4.400000 -1.068679 -4.321998 0.436121 0.495128 1.099079
 4.410000 -1.059792 -3.700501 0.392883 1.137165 1.100885
 4.420000 -1.062242 -3.832729 0.398128 1.120877 1.102344
 4.430000 -1.055256 -3.478357 0.369407 1.161507 1.105626
 4.440000 -1.057864 -3.725055 0.408236 1.039730 1.109509
 4.450000 -1.050865 -3.358727 0.348345 1.116024 1.111545
 4.460000 -1.066548 -4.302994 0.440461 0.383646 1.113298
 4.470000 -1.055440 -3.466832 0.359418 1.158996 1.118646
 4.480000 -1.050470 -3.357952 0.376966 1.172204 1.122635
 4.490000 -1.050669 -3.295866 0.346718 1.123241 1.123688
 4.500000 -1.052674 -3.333978 0.315200 0.968320 1.123675
 4.510000 -1.059949 -3.699335 0.398506 1.147088 1.128712
 4.520000 -1.073355 -4.577645 0.443642 0.301753 1.128995
 4.530000 -1.052745 -3.353371 0.351997 1.148909 1.133412
 4.540000 -1.061317 -3.798359 0.408710 1.067712 1.134352
 4.550000 -1.071380 -4.414526 0.436888 0.539492 1.134331
 4.560000 -1.049413 -3.249002 0.335784 1.102258 1.136393
 4.570000 -1.050714 -3.242523 0.303450 0.915103 1.139848
 4.580000 -1.045645 -3.116265 0.296595 0.900181 1.139819
 4.590000 -1.049699 -3.263485 0.339881 1.126785 1.140391
 4.600000 -1.046626 -3.131119 0.327982 1.070433 1.143894
 4.610000 -1.053798 -3.370074 0.353654 1.171939 1.149484
 4.620000 -1.043364 -3.012951 0.294584 0.910145 1.149444
 4.630000 -1.039041 -2.918287 0.251890 0.758165 1.149407
 4.640000 -1.052882 -3.346581 0.347109 1.168401 1.152439
 4.650000 -1.060263 -3.869912 0.414580 1.017274 1.152917
 4.660000 -1.052808 -3.375951 0.356054 1.198003 1.158287
 4.670000 -1.033556 -2.664670 0.212991 0.742867 1.158250
 4.680000 -1.049489 -3.208250 0.303418 0.974141 1.158225
 4.690000 -1.045696 -3.134664 0.307103 1.000635 1.158237
 4.700000 -1.062874 -3.778777 0.395309 1.196992 1.160031
 4.710000 -1.053827 -3.440272 0.372803 1.227588 1.167346
 4.720000 -1.047687 -3.086219 0.315721 1.033815 1.170221
 4.730000 -1.051753 -3.257605 0.334373 1.128662 1.173070
 4.740000 -1.071004 -4.414444 0.440445 0.437880 1.174441
 4.750000 -1.053141 -3.411172 0.368328 1.243560 1.178503
 4.760000 -1.056505 -3.573401 0.388236 1.230247 1.181174
 4.770000 -1.035468 -2.693311 0.215588 0.749278 1.181134
 4.780000 -1.065504 -4.039927 0.416439 1.014487 1.184268
 4.790000 -1.038082 -2.852157 0.234579 0.732138 1.184244
 4.800000 -1.042556 -2.933536 0.219836 0.758158 1.184204
 4.810000 -1.046725 -3.103916 0.284430 0.898367 1.184165
 4.820000 -1.037613 -2.813901 0.238027 0.768389 1.184125
 4.830000 -1.027355 -2.455536 0.138870 1.139032 1.184200
 4.840000 -1.025277 -2.428113 0.139221 1.151323 1.184373
 4.850000 -1.033662 -2.735527 0.157361 1.100962 1.184439
 4.860000 -1.039272 -2.824225 0.209523 0.783894 1.184399
 4.870000 -1.063877 -4.032152 0.420159 0.969015 1.184566
 4.880000 -1.059524 -3.680955 0.404045 1.170731 1.188945
 4.890000 -1.045515 -3.047466 0.335239 1.149438 1.190683
 4.900000 -1.055543 -3.489442 0.385023 1.243308 1.193727
 4.910000 -1.048663 -3.191448 0.328364 1.117684 1.197170
 4.920000 -1.057507 -3.504937 0.377250 1.254802 1.200845
 4.930000 -1.052321 -3.357360 0.364241 1.266832 1.206565
 4.940000 -1.052794 -3.304710 0.344011 1.199148 1.210786
 4.950000 -1.060284 -3.709188 0.392326 1.254593 1.212820
 4.960000 -1.045579 -3.106968 0.287427 0.924186 1.216672
 4.970000 -1.040990 -2.917717 0.280144 0.894599 1.218686
 4.980000 -1.038268 -2.836985 0.223937 0.779894 1.218647
 4.990000 -1.045660 -3.072278 0.278186 0.896718 1.218608
 5.000000 -1.045648 -3.071961 0.277864 0.912008 1.218570
 5.010000 -1.041854 -2.997762 0.248274 0.822289 1.218531
 5.020000 -1.047988 -3.157589 0.319353 1.083961 1.218530
 5.030000 -1.065177 -3.989460 0.406662 1.161071 1.220439
 5.040000 -1.060517 -3.778672 0.402490 1.207643 1.221345
 5.050000 -1.045806 -3.031872 0.314547 1.076080 1.221414
 5.060000 -1.052590 -3.318446 0.348393 1.234735 1.222897
 5.070000 -1.036346 -2.791990 0.253988 0.838076 1.222858
 5.080000 -1.042551 -3.019383 0.300079 1.020851 1.222823
 5.090000 -1.058257 -3.571273 0.378178 1.275332 1.226191
 5.100000 -1.061123 -3.782603 0.406829 1.177971 1.228125
 5.110000 -1.064413 -3.979481 0.419520 1.009410 1.231515
 5.120000 -1.061855 -3.785756 0.405225 1.205631 1.232363
 5.130000 -1.041001 -2.982639 0.279574 0.942874 1.232335
 5.140000 -1.065901 -4.175310 0.430794 0.807912 1.232329
 5.150000 -1.061103 -3.863969 0.412909 1.125699 1.232672
 5.160000 -1.043071 -3.022748 0.285392 0.980023 1.232659
 5.170000 -1.041832 -2.959890 0.299996 1.047161 1.232627
 5.180000 -1.050758 -3.259177 0.312973 1.102841 1.232610
 5.190000 -1.043623 -3.062310 0.289090 1.017839 1.232574
 5.200000 -1.036695 -2.848737 0.220553 0.814408 1.232536
 5.210000 -1.059967 -3.683519 0.396076 1.276750 1.236196
 5.220000 -1.060544 -3.711395 0.387281 1.296578 1.242505
 5.230000 -1.060918 -3.656849 0.393774 1.296672 1.245742
 5.240000 -1.068470 -4.417176 0.443518 0.415681 1.246817
 5.250000 -1.052047 -3.404641 0.366823 1.308322 1.249816
 5.260000 -1.063827 -3.930905 0.408423 1.199444 1.250588
 5.270000 -1.041348 -2.927743 0.258988 0.881482 1.250580
 5.280000 -1.043702 -2.989174 0.265315 0.905961 1.250544
 5.290000 -1.033520 -2.696852 0.198412 0.821313 1.250506
 5.300000 -1.044544 -3.020897 0.261377 0.914070 1.250469
 5.310000 -1.041348 -3.003672 0.294705 1.055588 1.250666
 5.320000 -1.058477 -3.632783 0.386855 1.310285 1.253779
 5.330000 -1.054660 -3.461187 0.351140 1.271252 1.255639
 5.340000 -1.051635 -3.279764 0.362511 1.311177 1.258975
 5.350000 -1.046604 -3.166304 0.333250 1.204911 1.261809
 5.360000 -1.051486 -3.340455 0.341826 1.257648 1.264532
 5.370000 -1.051078 -3.336164 0.367746 1.331861 1.270427
 5.380000 -1.034700 -2.795247 0.227070 0.848086 1.270410
 5.390000 -1.040105 -2.922558 0.221391 0.843569 1.270373
 5.400000 -1.039528 -2.822448 0.240984 0.872340 1.270335
 5.410000 -1.033858 -2.777250 0.222175 0.865103 1.270299
 5.420000 -1.022573 -2.409963 0.144406 1.164497 1.270276
 5.430000 -1.026759 -2.522072 0.125530 1.074504 1.270249
 5.440000 -1.029083 -2.620230 0.103582 0.421656 1.270213
 5.450000 -1.030442 -2.592770 0.110651 0.739089 1.270196
 5.460000 -1.024428 -2.495208 0.147234 1.174085 1.270182
 5.470000 -1.026143 -2.381188 0.106574 0.578111 1.270159
 5.480000 -1.018742 -2.301339 0.117683 0.989460 1.270126
 5.490000 -1.032419 -2.681714 0.181175 0.932564 1.270120
 5.500000 -1.025045 -2.485130 0.153875 1.148878 1.270106
 5.510000 -1.025813 -2.457880 0.149115 1.192399 1.270142
 5.520000 -1.030171 -2.625195 0.158756 1.129398 1.270138
 5.530000 -1.031285 -2.665141 0.197140 0.874957 1.270101
 5.540000 -1.033916 -2.756257 0.220595 0.882031 1.270065
 5.550000 -1.044096 -3.052159 0.267299 0.946366 1.270028
 5.560000 -1.041962 -2.942735 0.272151 0.970973 1.270033
 5.570000 -1.048101 -3.184277 0.347985 1.291701 1.271502
 5.580000 -1.054663 -3.565463 0.388806 1.324850 1.273963
 5.590000 -1.047015 -3.115856 0.301384 1.095004 1.273939
 5.600000 -1.044716 -3.052355 0.280378 1.015518 1.274783
 5.610000 -1.043459 -3.086298 0.257964 0.938400 1.274747
 5.620000 -1.045216 -3.110482 0.303375 1.112944 1.274720
 5.630000 -1.063539 -3.972943 0.419093 1.069357 1.274925
 5.640000 -1.054724 -3.419226 0.366846 1.346032 1.281308
 5.650000 -1.056372 -3.560016 0.370244 1.350231 1.287190
 5.660000 -1.064625 -3.979469 0.414805 1.138289 1.290897
 5.670000 -1.062897 -3.869810 0.409944 1.207820 1.293496
 5.680000 -1.048218 -3.269950 0.341341 1.283917 1.294390
 5.690000 -1.058914 -3.577581 0.378443 1.338274 1.297193
 5.700000 -1.056973 -3.545440 0.386232 1.338700 1.299284
 5.710000 -1.045700 -3.124540 0.319313 1.183763 1.299483
 5.720000 -1.047761 -3.240095 0.312243 1.174013 1.299482
 5.730000 -1.057379 -3.600895 0.392515 1.339282 1.302363
 5.740000 -1.056061 -3.604388 0.391023 1.348054 1.304274
 5.750000 -1.046720 -3.187782 0.338051 1.283554 1.305731
 5.760000 -1.064275 -3.996605 0.420718 1.075566 1.308736
 5.770000 -1.039794 -2.967211 0.259782 0.955760 1.309359
 5.780000 -1.041313 -2.923679 0.278868 1.035413 1.309324
 5.790000 -1.042235 -2.949333 0.290293 1.080561 1.312156
 5.800000 -1.049810 -3.192737 0.327261 1.236602 1.312313
 5.810000 -1.063789 -3.963493 0.414148 1.182801 1.312608
 5.820000 -1.052464 -3.356663 0.360211 1.374881 1.318477
 5.830000 -1.056756 -3.537681 0.380108 1.371406 1.324054
 5.840000 -1.057960 -3.629021 0.387916 1.373680 1.327126
 5.850000 -1.058948 -3.665412 0.390078 1.377141 1.329473
 5.860000 -1.047669 -3.185597 0.337407 1.302617 1.332022
 5.870000 -1.052996 -3.390925 0.370838 1.401464 1.338418
 5.880000 -1.053327 -3.325629 0.355536 1.374977 1.341065
 5.890000 -1.053217 -3.497863 0.384363 1.394900 1.343730
 5.900000 -1.069957 -4.376435 0.438943 0.650724 1.346486
 5.910000 -1.050786 -3.235428 0.332563 1.279561 1.346689
 5.920000 -1.047595 -3.125450 0.307743 1.166016 1.346661
 5.930000 -1.057740 -3.504838 0.368648 1.413643 1.349843
 5.940000 -1.056744 -3.537874 0.379020 1.409401 1.354820
 5.950000 -1.069122 -4.351490 0.435359 0.790215 1.355717
 5.960000 -1.045274 -3.045075 0.296190 1.117900 1.358441
 5.970000 -1.051506 -3.342927 0.371802 1.426036 1.361799
 5.980000 -1.059891 -3.730054 0.390326 1.410106 1.363954
 5.990000 -1.047100 -3.081565 0.318055 1.234022 1.366102
 6.000000 -1.050158 -3.255477 0.337210 1.323601 1.366447
 6.010000 -1.035304 -2.700881 0.229216 0.919294 1.366413
 6.020000 -1.028035 -2.553747 0.178419 0.973380 1.366378
 6.030000 -1.040571 -3.003533 0.259975 0.979651 1.366344
 6.040000 -1.055485 -3.496397 0.378132 1.428155 1.369616
 6.050000 -1.058279 -3.602839 0.384910 1.429553 1.372478
 6.060000 -1.056814 -3.553684 0.365832 1.435850 1.375500
 6.070000 -1.038679 -2.837641 0.247626 0.939323 1.375522
 6.080000 -1.050738 -3.262771 0.328620 1.291085 1.375608
 6.090000 -1.062691 -3.843518 0.401477 1.353593 1.377051
 6.100000 -1.057614 -3.642251 0.398990 1.380845 1.378335
 6.110000 -1.061689 -3.930418 0.421697 1.125113 1.378390
 6.120000 -1.058242 -3.642074 0.396922 1.401746 1.379924
 6.130000 -1.050106 -3.278819 0.353315 1.397762 1.383089
 6.140000 -1.063583 -3.988478 0.415458 1.225976 1.383699
 6.150000 -1.046603 -3.115817 0.284749 1.105626 1.383665
 6.160000 -1.063482 -3.899803 0.405601 1.345113 1.384539
 6.170000 -1.059574 -3.612291 0.380115 1.444417 1.387727
 6.180000 -1.040765 -2.949264 0.267144 1.022767 1.387726
 6.190000 -1.035511 -2.720637 0.220734 0.922816 1.387692
 6.200000 -1.044277 -3.017690 0.248256 0.954469 1.387658
 6.210000 -1.061786 -3.807643 0.405368 1.353460 1.388435
 6.220000 -1.055583 -3.508164 0.381717 1.450621 1.391577
 6.230000 -1.056835 -3.574899 0.381859 1.456018 1.394961
 6.240000 -1.050436 -3.382403 0.369994 1.456852 1.399995
 6.250000 -1.033879 -2.719170 0.240872 0.941557 1.399968
 6.260000 -1.039833 -2.889124 0.238614 0.948986 1.399935
 6.270000 -1.038217 -2.825015 0.223658 0.953090 1.399902
 6.280000 -1.044280 -3.058847 0.333806 1.344089 1.400049
 6.290000 -1.060060 -3.882949 0.420909 1.162946 1.400087
 6.300000 -1.052626 -3.328378 0.349629 1.400979 1.402856
 6.310000 -1.053266 -3.412651 0.375947 1.465543 1.406289
 6.320000 -1.038947 -2.886913 0.257053 1.003248 1.407349
 6.330000 -1.049363 -3.176329 0.304569 1.220140 1.407321
 6.340000 -1.049753 -3.219517 0.283351 1.130838 1.407288
 6.350000 -1.034080 -2.755438 0.207427 0.909270 1.407254
 6.360000 -1.027039 -2.538421 0.156425 1.157474 1.407222
 6.370000 -1.023563 -2.434584 0.132224 1.179403 1.407191
 6.380000 -1.028867 -2.548776 0.102396 0.445451 1.407154
 6.390000 -1.019596 -2.227818 0.106869 0.672316 1.407119
 6.400000 -1.022504 -2.424754 0.102824 0.516329 1.407084
 6.410000 -1.028798 -2.524759 0.122411 1.113067 1.407053
 6.420000 -1.030019 -2.624245 0.142806 1.235047 1.407023
 6.430000 -1.026456 -2.489002 0.163249 1.115339 1.406993
 6.440000 -1.029954 -2.618486 0.161663 1.137882 1.406962
 6.450000 -1.028684 -2.572977 0.175773 1.019363 1.406928
 6.460000 -1.027963 -2.500285 0.140709 1.249251 1.406900
 6.470000 -1.028528 -2.506351 0.127196 1.186503 1.406872
 6.480000 -1.026757 -2.507801 0.174811 1.038273 1.406841
 6.490000 -1.024735 -2.533033 0.162292 1.164566 1.406813
 6.500000 -1.038315 -2.831006 0.190529 0.957564 1.406781
 6.510000 -1.029855 -2.562268 0.167126 1.132694 1.406749
 6.520000 -1.032637 -2.663677 0.186202 0.994415 1.406716
 6.530000 -1.029407 -2.661697 0.204211 0.945078 1.406683
 6.540000 -1.030169 -2.566091 0.186137 1.005891 1.406650
 6.550000 -1.022511 -2.422643 0.165139 1.161476 1.406618
 6.560000 -1.030334 -2.603133 0.180955 1.044217 1.406585
 6.570000 -1.030480 -2.583248 0.138383 1.263552 1.406558
 6.580000 -1.026871 -2.511649 0.140768 1.277011 1.406532
 6.590000 -1.024260 -2.412824 0.128693 1.220212 1.406507
 6.600000 -1.025925 -2.478377 0.154975 1.251274 1.406482
 6.610000 -1.029199 -2.540731 0.136953 1.283822 1.406463
 6.620000 -1.032193 -2.741263 0.166549 1.179712 1.406445
 6.630000 -1.027827 -2.571212 0.174231 1.125675 1.406413
 6.640000 -1.024564 -2.400589 0.158116 1.249315 1.406389
 6.650000 -1.030842 -2.616050 0.148077 1.304014 1.406385
 6.660000 -1.025803 -2.411631 0.099030 0.371654 1.406367
 6.670000 -1.021172 -2.454987 0.111106 0.912274 1.406336
 6.680000 -1.028792 -2.557586 0.152627 1.292539 1.406332
 6.690000 -1.028023 -2.557224 0.145770 1.327062 1.406336
 6.700000 -1.028667 -2.524401 0.133338 1.306303 1.406367
 6.710000 -1.023303 -2.399505 0.141031 1.350490 1.406430
 6.720000 -1.026316 -2.528117 0.135794 1.337339 1.406448
 6.730000 -1.030380 -2.578907 0.141900 1.366506 1.406552
 6.740000 -1.021122 -2.409774 0.132987 1.328551 1.406590
 6.750000 -1.029723 -2.537040 0.162739 1.256927 1.406645
 6.760000 -1.026827 -2.471387 0.112925 0.995432 1.406724
 6.770000 -1.031141 -2.601434 0.159682 1.296688 1.406769
 6.780000 -1.021741 -2.335565 0.127437 1.280983 1.406953
 6.790000 -1.015803 -2.293861 0.106360 0.751934 1.406924
 6.800000 -1.029155 -2.541847 0.127796 1.298870 1.407080
 6.810000 -1.026100 -2.563282 0.134584 1.371172 1.407218
 6.820000 -1.033157 -2.761150 0.185365 1.079092 1.407325
 6.830000 -1.027790 -2.559795 0.169477 1.226245 1.407460
 6.840000 -1.029845 -2.573890 0.176123 1.169448 1.407556
 6.850000 -1.025970 -2.495484 0.129236 1.332130 1.407951
 6.860000 -1.030016 -2.575487 0.197975 1.010219 1.408033
 6.870000 -1.022209 -2.388910 0.144697 1.420047 1.408681
 6.880000 -1.021620 -2.421092 0.136418 1.407738 1.409095
 6.890000 -1.022937 -2.324341 0.116202 1.130540 1.409632
 6.900000 -1.029969 -2.573973 0.177089 1.170472 1.409688
 6.910000 -1.030743 -2.675738 0.171822 1.236081 1.409710
 6.920000 -1.022137 -2.446780 0.125862 1.315282 1.409914
 6.930000 -1.030051 -2.629562 0.162212 1.330592 1.410361
 6.940000 -1.021769 -2.294525 0.115826 1.142632 1.410777
 6.950000 -1.023822 -2.478141 0.118432 1.216330 1.410863
 6.960000 -1.032106 -2.728833 0.188706 1.095042 1.410860
 6.970000 -1.034214 -2.787731 0.200794 1.021177 1.410828
 6.980000 -1.040982 -2.977312 0.256140 1.019784 1.410797
 6.990000 -1.032944 -2.749485 0.235760 0.985468 1.410765
 7.000000 -1.037726 -2.800563 0.227393 1.008863 1.410734
 7.010000 -1.033423 -2.762797 0.214632 0.992561 1.410703
 7.020000 -1.031145 -2.631517 0.185285 1.138749 1.410675
 7.030000 -1.026531 -2.543750 0.165344 1.324365 1.411190
 7.040000 -1.024069 -2.511858 0.140008 1.442707 1.411998
 7.050000 -1.024328 -2.358647 0.126783 1.351496 1.412507
 7.060000 -1.023380 -2.404126 0.104424 0.725236 1.412515
 7.070000 -1.025154 -2.452172 0.138016 1.445633 1.413394
 7.080000 -1.028087 -2.557008 0.142848 1.460969 1.415304
 7.090000 -1.025880 -2.464055 0.108017 0.917381 1.416492
 7.100000 -1.029548 -2.669503 0.138309 1.461646 1.417767
 7.110000 -1.028386 -2.532335 0.105633 0.839650 1.417764
 7.120000 -1.024252 -2.474770 0.144181 1.474703 1.419320
 7.130000 -1.040178 -2.931254 0.189235 1.119090 1.419291
 7.140000 -1.029228 -2.550718 0.169089 1.313304 1.420841
 7.150000 -1.027039 -2.540094 0.185474 1.166864 1.420823
 7.160000 -1.025516 -2.502293 0.175850 1.266585 1.420937
 7.170000 -1.028818 -2.551241 0.137535 1.475241 1.424190
 7.180000 -1.028077 -2.583673 0.165453 1.362468 1.425191
 7.190000 -1.025481 -2.539022 0.166544 1.362611 1.425606
 7.200000 -1.037264 -2.730830 0.222281 1.028754 1.425575
 7.210000 -1.031852 -2.627255 0.195464 1.101211 1.427008
 7.220000 -1.044855 -3.051893 0.259634 1.052207 1.426978
 7.230000 -1.061742 -3.750758 0.397518 1.434586 1.427825
 7.240000 -1.056705 -3.574056 0.368050 1.466218 1.429354
 7.250000 -1.042982 -2.976581 0.243581 1.021973 1.429324
 7.260000 -1.055974 -3.484919 0.373284 1.475623 1.430993
 7.270000 -1.057473 -3.686941 0.406716 1.358776 1.432357
 7.280000 -1.041026 -2.957272 0.276345 1.107737 1.433805
 7.290000 -1.038350 -2.876693 0.272836 1.097950 1.433785
 7.300000 -1.060605 -3.839322 0.404932 1.383278 1.436115
 7.310000 -1.070461 -4.509872 0.444048 0.518851 1.436408
 7.320000 -1.034342 -2.738500 0.219893 1.035856 1.436932
 7.330000 -1.059529 -3.608712 0.374513 1.489926 1.438928
 7.340000 -1.048984 -3.230847 0.322801 1.321150 1.439175
 7.350000 -1.063647 -4.002620 0.416230 1.255043 1.439762
 7.360000 -1.064168 -4.211261 0.432695 0.940475 1.439744
 7.370000 -1.041287 -2.909127 0.275787 1.126818 1.441802
 7.380000 -1.067764 -4.268879 0.435449 0.866179 1.442082
 7.390000 -1.049241 -3.185098 0.317082 1.310535 1.442147
 7.400000 -1.035145 -2.839637 0.245357 1.035327 1.442638
 7.410000 -1.047307 -3.146979 0.341595 1.419523 1.442925
 7.420000 -1.035500 -2.734525 0.233983 1.034805 1.442896
 7.430000 -1.064340 -4.025487 0.419616 1.223347 1.442931
 7.440000 -1.056540 -3.671545 0.393853 1.481425 1.444345
 7.450000 -1.040886 -2.968853 0.294543 1.218193 1.444492
 7.460000 -1.065091 -3.993944 0.412526 1.337901 1.444719
 7.470000 -1.051425 -3.241035 0.342748 1.432827 1.445218
 7.480000 -1.044582 -3.040393 0.294121 1.226204 1.446952
 7.490000 -1.041327 -2.962924 0.259226 1.077512 1.449205
 7.500000 -1.044857 -3.021532 0.302318 1.257399 1.449179
 7.510000 -1.032764 -2.700078 0.199467 1.080559 1.449149
 7.520000 -1.043884 -3.003069 0.272482 1.128047 1.449119
 7.530000 -1.053854 -3.382840 0.354041 1.456038 1.449955
 7.540000 -1.055873 -3.448394 0.366338 1.495520 1.451821
 7.550000 -1.045319 -3.093538 0.252649 1.085726 1.451791
 7.560000 -1.050279 -3.194322 0.340241 1.435604 1.452109
 7.570000 -1.067002 -4.277997 0.435206 0.900243 1.452093
 7.580000 -1.040426 -2.884458 0.281046 1.191547 1.454415
 7.590000 -1.040237 -2.886417 0.286695 1.224491 1.454386
 7.600000 -1.046119 -3.057640 0.297067 1.254123 1.454359
 7.610000 -1.057141 -3.573255 0.377056 1.514410 1.456895
 7.620000 -1.054993 -3.476591 0.366733 1.512228 1.460558
 7.630000 -1.049557 -3.180090 0.330312 1.395926 1.461759
 7.640000 -1.055087 -3.389601 0.354970 1.480765 1.463944
 7.650000 -1.052724 -3.278003 0.321154 1.360324 1.466249
 7.660000 -1.046994 -3.117478 0.299788 1.268046 1.468830
 7.670000 -1.038033 -2.849953 0.247383 1.097232 1.468800
 7.680000 -1.047665 -3.194867 0.315852 1.346335 1.468796
 7.690000 -1.041803 -2.966590 0.294354 1.261933 1.469007
 7.700000 -1.044678 -3.075929 0.279143 1.201887 1.468984
 7.710000 -1.053742 -3.379953 0.355419 1.487943 1.470196
 7.720000 -1.040033 -2.932473 0.285411 1.245833 1.472774
 7.730000 -1.038552 -2.861939 0.270941 1.175830 1.472745
 7.740000 -1.052388 -3.359977 0.355814 1.494375 1.474025
 7.750000 -1.050052 -3.187836 0.341571 1.461192 1.477135
 7.760000 -1.050245 -3.202833 0.353605 1.496213 1.478305
 7.770000 -1.045632 -3.139079 0.317167 1.360700 1.478304
 7.780000 -1.030723 -2.638463 0.212640 1.054836 1.478275
 7.790000 -1.047224 -3.147780 0.300738 1.295154 1.478249
 7.800000 -1.072613 -4.602151 0.444598 0.550287 1.479498
 7.810000 -1.069387 -4.379933 0.437892 0.842022 1.479468
 7.820000 -1.057279 -3.594496 0.393399 1.515855 1.481298
 7.830000 -1.052752 -3.371324 0.356787 1.514264 1.482847
 7.840000 -1.058228 -3.717881 0.402463 1.467249 1.486163
 7.850000 -1.071009 -4.539447 0.444091 0.608109 1.486179
 7.860000 -1.057997 -3.575452 0.361206 1.532201 1.488098
 7.870000 -1.033449 -2.747219 0.212294 1.063118 1.488069
 7.880000 -1.044300 -3.033862 0.304441 1.315887 1.488046
 7.890000 -1.034085 -2.718577 0.218362 1.087353 1.488017
 7.900000 -1.043553 -3.028629 0.289833 1.280630 1.487990
 7.910000 -1.049068 -3.270354 0.337443 1.456838 1.488360
 7.920000 -1.050379 -3.330976 0.361741 1.543706 1.492503
 7.930000 -1.069634 -4.246262 0.432838 1.029533 1.492876
 7.940000 -1.058447 -3.613909 0.375888 1.556901 1.495714
 7.950000 -1.070733 -4.546999 0.446143 0.544045 1.495777
 7.960000 -1.043435 -3.009398 0.292210 1.292538 1.495774
 7.970000 -1.058750 -3.607913 0.383047 1.554390 1.499650
 7.980000 -1.050632 -3.304716 0.342240 1.487321 1.502972
 7.990000 -1.062021 -3.921704 0.416185 1.347898 1.503781
 8.000000 -1.059935 -3.651122 0.394686 1.529001 1.505024
 8.010000 -1.052396 -3.366893 0.344006 1.509257 1.506856
 8.020000 -1.047178 -3.164255 0.325196 1.413391 1.506921
 8.030000 -1.046862 -3.154313 0.325811 1.421232 1.506996
 8.040000 -1.058339 -3.579429 0.380632 1.566968 1.509998
 8.050000 -1.042650 -2.987438 0.267427 1.201883 1.510412
 8.060000 -1.037511 -2.882264 0.255712 1.169922 1.510384
 8.070000 -1.043557 -3.017129 0.262280 1.208277 1.510356
 8.080000 -1.060224 -3.737919 0.392012 1.547575 1.511838
 8.090000 -1.051312 -3.305578 0.359200 1.559405 1.516373
 8.100000 -1.045944 -3.104237 0.297661 1.323256 1.517394
 8.110000 -1.053948 -3.478533 0.379929 1.580968 1.520016
 8.120000 -1.049259 -3.222380 0.333181 1.472848 1.521234
 8.130000 -1.061902 -3.872577 0.412496 1.408279 1.521447
 8.140000 -1.049602 -3.193153 0.309098 1.370681 1.523913
 8.150000 -1.051582 -3.352619 0.364955 1.580676 1.526253
 8.160000 -1.065811 -4.088256 0.419495 1.327036 1.526624
 8.170000 -1.038399 -2.807169 0.270736 1.238748 1.526601
 8.180000 -1.060058 -3.783064 0.400804 1.524457 1.529073
 8.190000 -1.047602 -3.187427 0.329050 1.456494 1.529237
 8.200000 -1.032163 -2.695958 0.233739 1.105402 1.529208
 8.210000 -1.040572 -2.952453 0.283651 1.290076 1.529181
 8.220000 -1.062857 -3.881450 0.416276 1.387271 1.531939
 8.230000 -1.056442 -3.464605 0.359783 1.575229 1.533848
 8.240000 -1.062488 -3.805836 0.399639 1.542724 1.535079
 8.250000 -1.056126 -3.577781 0.379688 1.600449 1.538813
 8.260000 -1.048932 -3.247892 0.351560 1.559781 1.539943
 8.270000 -1.051036 -3.276935 0.338108 1.516833 1.540343
 8.280000 -1.053778 -3.354474 0.350506 1.564522 1.543382
 8.290000 -1.061184 -3.753428 0.394999 1.580993 1.547356
 8.300000 -1.057428 -3.538130 0.377996 1.613330 1.550033
 8.310000 -1.038645 -2.879313 0.223416 1.112703 1.550016
 8.320000 -1.041986 -2.864379 0.238624 1.125986 1.549988
 8.330000 -1.037149 -2.847022 0.236757 1.130824 1.549960
 8.340000 -1.039313 -2.836585 0.237179 1.138826 1.549932
 8.350000 -1.036701 -2.867902 0.209429 1.096537 1.549904
 8.360000 -1.034940 -2.723735 0.247125 1.175061 1.549876
 8.370000 -1.056861 -3.581199 0.380162 1.620938 1.554718
 8.380000 -1.052526 -3.328000 0.352648 1.573623 1.555655
 8.390000 -1.047611 -3.167928 0.323421 1.452238 1.555978
 8.400000 -1.043712 -3.031981 0.323772 1.458877 1.558454
 8.410000 -1.052033 -3.346935 0.354610 1.587865 1.560608
 8.420000 -1.055201 -3.531329 0.393102 1.603830 1.562492
 8.430000 -1.038879 -2.852203 0.258603 1.225204 1.563755
 8.440000 -1.038864 -2.877486 0.244723 1.175028 1.563736
 8.450000 -1.050414 -3.228113 0.325144 1.471883 1.563780
 8.460000 -1.059644 -3.707231 0.393725 1.609771 1.565561
 8.470000 -1.062725 -3.820830 0.402311 1.563913 1.566497
 8.480000 -1.042639 -2.999013 0.289259 1.324830 1.568135
 8.490000 -1.039994 -2.933934 0.244272 1.180311 1.568115
 8.500000 -1.044934 -3.052703 0.272771 1.267505 1.568088
 8.510000 -1.043518 -3.020977 0.287051 1.325567 1.568061
 8.520000 -1.053404 -3.530745 0.391044 1.627108 1.570732
 8.530000 -1.058737 -3.661477 0.391913 1.628848 1.572850
 8.540000 -1.055772 -3.518543 0.369358 1.626512 1.575426
 8.550000 -1.061570 -3.889131 0.413860 1.459896 1.576237
 8.560000 -1.056693 -3.577142 0.377056 1.643276 1.581436
 8.570000 -1.054124 -3.486065 0.379281 1.650442 1.585733
 8.580000 -1.049552 -3.227585 0.336536 1.542011 1.586112
 8.590000 -1.055601 -3.423270 0.367710 1.644301 1.590384
 8.600000 -1.039741 -2.945339 0.293758 1.353681 1.592361
 8.610000 -1.043940 -2.995405 0.299867 1.381005 1.592336
 8.620000 -1.050644 -3.236723 0.327315 1.498110 1.592384
 8.630000 -1.045936 -3.024094 0.295567 1.379347 1.592359
 8.640000 -1.042695 -3.007313 0.317673 1.464831 1.592355
 8.650000 -1.051515 -3.352075 0.370070 1.653328 1.594727
 8.660000 -1.063131 -3.987266 0.421252 1.356231 1.594746
 8.670000 -1.071341 -4.500754 0.439359 0.900763 1.594718
 8.680000 -1.058740 -3.740149 0.408984 1.526527 1.595040
 8.690000 -1.074811 -4.782200 0.450185 0.453134 1.597694
 8.700000 -1.067150 -4.189421 0.431009 1.181960 1.597672
 8.710000 -1.055768 -3.487003 0.380122 1.668391 1.600495
 8.720000 -1.051943 -3.284529 0.322499 1.492109 1.600504
 8.730000 -1.065231 -4.010284 0.418543 1.416751 1.601345
 8.740000 -1.053046 -3.438719 0.368726 1.659205 1.603605
 8.750000 -1.045151 -3.044634 0.291010 1.378760 1.603969
 8.760000 -1.036418 -2.780446 0.207764 1.108585 1.603942
 8.770000 -1.044054 -3.009414 0.244938 1.202870 1.603915
 8.780000 -1.030048 -2.676907 0.180708 1.243811 1.603888
 8.790000 -1.020431 -2.343563 0.097940 0.476183 1.603860
 8.800000 -1.025277 -2.466726 0.177682 1.277963 1.603835
 8.810000 -1.032914 -2.604594 0.176970 1.290745 1.603815
 8.820000 -1.033836 -2.715899 0.245058 1.210283 1.603788
 8.830000 -1.027960 -2.546412 0.190609 1.178890 1.603761
 8.840000 -1.022264 -2.392719 0.145674 1.495492 1.603744
 8.850000 -1.028382 -2.555611 0.148403 1.492212 1.603732
 8.860000 -1.030200 -2.588252 0.160936 1.424863 1.603711
 8.870000 -1.026873 -2.560008 0.163783 1.417877 1.603694
 8.880000 -1.022386 -2.423595 0.122437 1.353948 1.603682
 8.890000 -1.034202 -2.788234 0.166089 1.407690 1.603675
 8.900000 -1.025939 -2.495014 0.113292 1.191327 1.603652
 8.910000 -1.028770 -2.540976 0.180214 1.287207 1.603626
 8.920000 -1.032591 -2.727724 0.195062 1.177027 1.603599
 8.930000 -1.038792 -2.831991 0.222993 1.179782 1.603573
 8.940000 -1.023923 -2.426497 0.129007 1.448856 1.603576
 8.950000 -1.024218 -2.457200 0.140311 1.533577 1.603599
 8.960000 -1.031343 -2.633794 0.168250 1.402345 1.603598
 8.970000 -1.027876 -2.530662 0.153000 1.498095 1.603595
 8.980000 -1.031003 -2.614084 0.185642 1.263897 1.603594
 8.990000 -1.032947 -2.665731 0.165830 1.432573 1.603610
 9.000000 -1.026081 -2.528571 0.142633 1.553408 1.603653
 9.010000 -1.023431 -2.392160 0.123497 1.401820 1.603648
 9.020000 -1.029295 -2.627335 0.147660 1.553074 1.603728
 9.030000 -1.032510 -2.665643 0.172204 1.393601 1.603708
 9.040000 -1.034271 -2.690684 0.228009 1.188113 1.603681
 9.050000 -1.029004 -2.602222 0.185991 1.283716 1.603655
 9.060000 -1.033231 -2.734463 0.217542 1.190206 1.603629
 9.070000 -1.048880 -3.197862 0.311673 1.454261 1.603617
 9.080000 -1.048951 -3.220103 0.304281 1.426543 1.603657
 9.090000 -1.041397 -2.910740 0.254723 1.242935 1.603631
 9.100000 -1.054531 -3.414713 0.361669 1.642207 1.605263
 9.110000 -1.042708 -3.001363 0.307251 1.448285 1.605244
 9.120000 -1.050452 -3.174296 0.282059 1.342338 1.605288
 9.130000 -1.041325 -2.920918 0.247561 1.234551 1.605549
 9.140000 -1.041999 -2.965953 0.273718 1.308521 1.605523
 9.150000 -1.037839 -2.902289 0.209743 1.192039 1.605497
 9.160000 -1.043880 -3.041093 0.234981 1.207911 1.605480
 9.170000 -1.042712 -2.967227 0.277104 1.330594 1.605454
 9.180000 -1.037266 -2.887254 0.235278 1.216904 1.605428
 9.190000 -1.037941 -2.933918 0.296079 1.416935 1.605405
 9.200000 -1.051539 -3.368125 0.368016 1.668384 1.609111
 9.210000 -1.053004 -3.404712 0.362575 1.657498 1.611033
 9.220000 -1.049267 -3.194244 0.346584 1.612684 1.611632
 9.230000 -1.068822 -4.370608 0.439327 0.966656 1.612384
 9.240000 -1.050002 -3.338281 0.348194 1.621905 1.613131
 9.250000 -1.053249 -3.424368 0.372276 1.681813 1.615885
 9.260000 -1.050363 -3.238853 0.336964 1.588323 1.616468
 9.270000 -1.057977 -3.565948 0.372727 1.686150 1.619015
 9.280000 -1.062093 -3.847790 0.405541 1.579921 1.620478
 9.290000 -1.039927 -2.877935 0.250283 1.262231 1.621468
 9.300000 -1.062906 -3.968247 0.415322 1.489126 1.621558
 9.310000 -1.042763 -2.968367 0.283150 1.369293 1.621693
 9.320000 -1.048870 -3.251200 0.312160 1.487185 1.621869
 9.330000 -1.061642 -3.868265 0.408397 1.570249 1.623831
 9.340000 -1.053815 -3.393205 0.360118 1.671334 1.628122
 9.350000 -1.050828 -3.312215 0.345823 1.636738 1.628815
 9.360000 -1.048607 -3.130527 0.285042 1.384915 1.629427
 9.370000 -1.053574 -3.349697 0.351088 1.654547 1.632770
 9.380000 -1.060712 -3.672220 0.388117 1.685878 1.637042
 9.390000 -1.056079 -3.539095 0.379784 1.703891 1.639559
 9.400000 -1.061499 -3.814974 0.410728 1.562161 1.639852
 9.410000 -1.042472 -2.953419 0.271930 1.319008 1.641583
 9.420000 -1.036137 -2.795885 0.211378 1.215187 1.641557
 9.430000 -1.032203 -2.635674 0.192102 1.251315 1.641532
 9.440000 -1.041208 -2.987148 0.259523 1.285489 1.641506
 9.450000 -1.040472 -2.959395 0.271684 1.327004 1.641481
 9.460000 -1.063798 -4.046359 0.424487 1.367558 1.641477
 9.470000 -1.053466 -3.356399 0.354576 1.673960 1.643559
 9.480000 -1.046746 -3.159604 0.298309 1.439415 1.643569
 9.490000 -1.045177 -3.010693 0.253767 1.285540 1.643546
 9.500000 -1.052829 -3.388943 0.360712 1.693519 1.645412
 9.510000 -1.038101 -2.864185 0.271918 1.340929 1.645387
 9.520000 -1.047836 -3.115521 0.305979 1.479091 1.645399
 9.530000 -1.056606 -3.623818 0.391257 1.682950 1.646910
 9.540000 -1.061146 -3.950658 0.418543 1.472418 1.647860
 9.550000 -1.060097 -3.756140 0.396587 1.663265 1.648803
 9.560000 -1.051974 -3.305635 0.352655 1.682864 1.650467
 9.570000 -1.053257 -3.391544 0.363976 1.712511 1.655008
 9.580000 -1.053009 -3.362801 0.368340 1.726918 1.659924
 9.590000 -1.042348 -2.980837 0.277394 1.372867 1.659902
 9.600000 -1.042111 -2.952513 0.289146 1.431539 1.661715
 9.610000 -1.047216 -3.142144 0.318442 1.544815 1.664287
 9.620000 -1.060476 -3.670455 0.393180 1.687711 1.665387
 9.630000 -1.047266 -3.078194 0.267457 1.336861 1.665362
 9.640000 -1.058801 -3.717284 0.400947 1.651452 1.667325
 9.650000 -1.051321 -3.353887 0.351521 1.688973 1.669599
 9.660000 -1.046606 -3.134097 0.332211 1.601591 1.670473
 9.670000 -1.060316 -3.764885 0.408893 1.598253 1.672085
 9.680000 -1.071011 -4.515626 0.442322 0.890783 1.672059
 9.690000 -1.046613 -3.125844 0.304488 1.491452 1.672041
 9.700000 -1.046340 -3.076856 0.300943 1.483405 1.672041
 9.710000 -1.040845 -2.936663 0.299458 1.482888 1.673227
 9.720000 -1.045734 -3.042291 0.299700 1.488923 1.673205
 9.730000 -1.051260 -3.394149 0.367367 1.739801 1.676742
 9.740000 -1.043024 -2.953576 0.269081 1.350295 1.676717
 9.750000 -1.044022 -3.109074 0.306930 1.523230 1.678355
 9.760000 -1.035650 -2.718996 0.233323 1.259204 1.678331
 9.770000 -1.039548 -2.941895 0.258869 1.336257 1.678307
 9.780000 -1.044435 -3.045983 0.299612 1.505290 1.678293
 9.790000 -1.044628 -3.069471 0.287968 1.458976 1.678269
 9.800000 -1.075444 -4.735475 0.447922 0.643618 1.678394
 9.810000 -1.045791 -3.109087 0.320690 1.576687 1.678997
 9.820000 -1.058759 -3.623829 0.379415 1.739002 1.681760
 9.830000 -1.047036 -3.022106 0.271893 1.374580 1.682040
 9.840000 -1.059158 -3.665284 0.392956 1.712982 1.685225
 9.850000 -1.051612 -3.285967 0.344309 1.690305 1.685907
 9.860000 -1.053520 -3.390199 0.368991 1.753255 1.688262
 9.870000 -1.058355 -3.581237 0.374906 1.757176 1.692979
 9.880000 -1.056180 -3.505006 0.369695 1.764437 1.695459
 9.890000 -1.058723 -3.639997 0.390776 1.727895 1.696665
 9.900000 -1.061515 -3.756930 0.393890 1.718072 1.698312
 9.910000 -1.042760 -2.943844 0.242226 1.302918 1.698378
 9.920000 -1.034886 -2.669646 0.214308 1.236196 1.698354
 9.930000 -1.043168 -2.947806 0.285872 1.456960 1.698372
 9.940000 -1.035035 -2.784170 0.197645 1.239273 1.698348
 9.950000 -1.041145 -2.966141 0.271801 1.398293 1.698323
 9.960000 -1.038786 -2.937437 0.311156 1.562396 1.700017
 9.970000 -1.052756 -3.285274 0.309500 1.559980 1.700002
 9.980000 -1.043603 -3.038979 0.287336 1.473534 1.699978
 9.990000 -1.065195 -4.070435 0.422164 1.444521 1.700033
 10.000000 -1.039165 -2.910534 0.266459 1.383006 1.700772
