#! FIELDS q6l.mean fq6l dfq6l_q6l.mean
#! SET normalisation  1.000000
#! SET min_q6l.mean 0.10
#! SET max_q6l.mean 0.45
#! SET nbins_q6l.mean  700
#! SET periodic_q6l.mean false
 0.100000 0.393218 -19.700921
 0.100500 0.379824 -19.649288
 0.101000 0.367340 -19.504281
 0.101500 0.354456 -19.441963
 0.102000 0.341123 -19.455421
 0.102500 0.328694 -19.359121
 0.103000 0.316615 -19.235077
 0.103500 0.304873 -19.085067
 0.104000 0.293521 -18.904440
 0.104500 0.282379 -18.719056
 0.105000 0.271461 -18.526757
 0.105500 0.260836 -18.315584
 0.106000 0.250237 -18.130873
 0.106500 0.239956 -17.919926
 0.107000 0.229969 -17.688596
 0.107500 0.220083 -17.472488
 0.108000 0.210367 -17.257033
 0.108500 0.200861 -17.034805
 0.109000 0.191495 -16.819449
 0.109500 0.182360 -16.591302
 0.110000 0.173466 -16.347211
 0.110500 0.164665 -16.121363
 0.111000 0.156081 -15.883115
 0.111500 0.147707 -15.634019
 0.112000 0.139525 -15.377887
 0.112500 0.131461 -15.133207
 0.113000 0.123601 -14.876554
 0.113500 0.115908 -14.617546
 0.114000 0.108394 -14.352459
 0.114500 0.101057 -14.080985
 0.115000 0.093896 -13.802889
 0.115500 0.086877 -13.528761
 0.116000 0.080034 -13.247105
 0.116500 0.073334 -12.968957
 0.117000 0.066786 -12.690444
 0.117500 0.060399 -12.409069
 0.118000 0.054156 -12.129726
 0.118500 0.048072 -11.847901
 0.119000 0.042147 -11.562594
 0.119500 0.036374 -11.276667
 0.120000 0.030752 -10.990816
 0.120500 0.025281 -10.704322
 0.121000 0.019957 -10.418813
 0.121500 0.014780 -10.134400
 0.122000 0.009749 -9.851439
 0.122500 0.004865 -9.569006
 0.123000 0.000126 -9.287939
 0.123500 -0.004472 -9.009681
 0.124000 -0.008928 -8.733015
 0.124500 -0.013244 -8.458880
 0.125000 -0.017420 -8.186400
 0.125500 -0.021458 -7.916436
 0.126000 -0.025360 -7.648965
 0.126500 -0.029127 -7.384004
 0.127000 -0.032761 -7.121491
 0.127500 -0.036263 -6.861729
 0.128000 -0.039635 -6.604577
 0.128500 -0.042879 -6.349978
 0.129000 -0.045995 -6.097782
 0.129500 -0.048984 -5.847798
 0.130000 -0.051849 -5.600012
 0.130500 -0.054590 -5.354189
 0.131000 -0.057208 -5.110293
 0.131500 -0.059704 -4.868030
 0.132000 -0.062079 -4.627201
 0.132500 -0.064334 -4.387680
 0.133000 -0.066470 -4.149141
 0.133500 -0.068486 -3.911451
 0.134000 -0.070383 -3.674373
 0.134500 -0.072162 -3.437743
 0.135000 -0.073822 -3.201379
 0.135500 -0.075365 -2.965128
 0.136000 -0.076789 -2.728776
 0.136500 -0.078094 -2.492188
 0.137000 -0.079282 -2.255282
 0.137500 -0.080350 -2.017944
 0.138000 -0.081300 -1.780140
 0.138500 -0.082131 -1.541869
 0.139000 -0.082842 -1.303151
 0.139500 -0.083434 -1.064049
 0.140000 -0.083907 -0.824690
 0.140500 -0.084259 -0.585202
 0.141000 -0.084492 -0.345794
 0.141500 -0.084605 -0.106712
 0.142000 -0.084599 0.131773
 0.142500 -0.084474 0.369343
 0.143000 -0.084230 0.605652
 0.143500 -0.083868 0.840317
 0.144000 -0.083390 1.072929
 0.144500 -0.082796 1.303085
 0.145000 -0.082087 1.530360
 0.145500 -0.081265 1.754329
 0.146000 -0.080333 1.974600
 0.146500 -0.079291 2.190795
 0.147000 -0.078142 2.402505
 0.147500 -0.076888 2.609473
 0.148000 -0.075532 2.811426
 0.148500 -0.074077 3.008143
 0.149000 -0.072523 3.199391
 0.149500 -0.070876 3.385202
 0.150000 -0.069137 3.565485
 0.150500 -0.067309 3.740328
 0.151000 -0.065394 3.909837
 0.151500 -0.063396 4.074189
 0.152000 -0.061317 4.233413
 0.152500 -0.059159 4.388049
 0.153000 -0.056924 4.538024
 0.153500 -0.054614 4.683816
 0.154000 -0.052232 4.825839
 0.154500 -0.049779 4.964086
 0.155000 -0.047257 5.099245
 0.155500 -0.044668 5.231677
 0.156000 -0.042013 5.361277
 0.156500 -0.039293 5.488162
 0.157000 -0.036508 5.612609
 0.157500 -0.033661 5.734352
 0.158000 -0.030752 5.853485
 0.158500 -0.027782 5.970030
 0.159000 -0.024754 6.084370
 0.159500 -0.021667 6.196188
 0.160000 -0.018522 6.304396
 0.160500 -0.015322 6.410327
 0.161000 -0.012067 6.513080
 0.161500 -0.008761 6.613878
 0.162000 -0.005403 6.711463
 0.162500 -0.001995 6.805979
 0.163000 0.001461 6.897698
 0.163500 0.004963 6.986995
 0.164000 0.008512 7.072306
 0.164500 0.012105 7.154614
 0.165000 0.015741 7.233797
 0.165500 0.019417 7.310098
 0.166000 0.023130 7.384363
 0.166500 0.026882 7.455136
 0.167000 0.030669 7.523478
 0.167500 0.034495 7.586825
 0.168000 0.038352 7.647517
 0.168500 0.042240 7.705196
 0.169000 0.046160 7.757874
 0.169500 0.050105 7.808893
 0.170000 0.054077 7.855117
 0.170500 0.058073 7.897750
 0.171000 0.062093 7.934794
 0.171500 0.066137 7.965889
 0.172000 0.070203 7.989635
 0.172500 0.074278 8.011235
 0.173000 0.078361 8.029905
 0.173500 0.082456 8.042615
 0.174000 0.086551 8.053818
 0.174500 0.090650 8.060344
 0.175000 0.094754 8.060253
 0.175500 0.098859 8.054533
 0.176000 0.102961 8.043791
 0.176500 0.107065 8.024934
 0.177000 0.111153 8.005598
 0.177500 0.115235 7.981117
 0.178000 0.119308 7.951404
 0.178500 0.123367 7.919003
 0.179000 0.127402 7.888368
 0.179500 0.131422 7.855940
 0.180000 0.135427 7.820721
 0.180500 0.139415 7.784171
 0.181000 0.143381 7.748729
 0.181500 0.147332 7.711225
 0.182000 0.151266 7.671770
 0.182500 0.155177 7.633115
 0.183000 0.159070 7.592766
 0.183500 0.162948 7.548027
 0.184000 0.166796 7.504988
 0.184500 0.170617 7.461005
 0.185000 0.174419 7.410155
 0.185500 0.178190 7.355841
 0.186000 0.181931 7.296232
 0.186500 0.185636 7.230158
 0.187000 0.189308 7.154032
 0.187500 0.192942 7.067494
 0.188000 0.196530 6.970305
 0.188500 0.200059 6.866347
 0.189000 0.203527 6.754071
 0.189500 0.206941 6.626769
 0.190000 0.210290 6.487593
 0.190500 0.213566 6.338362
 0.191000 0.216761 6.181305
 0.191500 0.219872 6.017118
 0.192000 0.222897 5.845443
 0.192500 0.225835 5.667268
 0.193000 0.228677 5.487504
 0.193500 0.231425 5.304980
 0.194000 0.234082 5.120091
 0.194500 0.236645 4.935375
 0.195000 0.239116 4.752177
 0.195500 0.241496 4.572524
 0.196000 0.243783 4.400222
 0.196500 0.245982 4.236057
 0.197000 0.248101 4.077734
 0.197500 0.250140 3.930162
 0.198000 0.252111 3.788331
 0.198500 0.254006 3.661288
 0.199000 0.255842 3.542984
 0.199500 0.257618 3.435975
 0.200000 0.259340 3.339962
 0.200500 0.261011 3.254776
 0.201000 0.262642 3.176505
 0.201500 0.264233 3.105414
 0.202000 0.265789 3.038902
 0.202500 0.267312 2.975070
 0.203000 0.268802 2.913847
 0.203500 0.270260 2.851860
 0.204000 0.271683 2.788643
 0.204500 0.273075 2.720543
 0.205000 0.274429 2.647509
 0.205500 0.275746 2.566422
 0.206000 0.277019 2.478879
 0.206500 0.278246 2.382242
 0.207000 0.279423 2.277628
 0.207500 0.280546 2.164394
 0.208000 0.281610 2.045256
 0.208500 0.282611 1.921497
 0.209000 0.283548 1.793394
 0.209500 0.284419 1.662815
 0.210000 0.285224 1.530915
 0.210500 0.285963 1.399254
 0.211000 0.286636 1.269674
 0.211500 0.287245 1.142988
 0.212000 0.287792 1.020875
 0.212500 0.288280 0.905000
 0.213000 0.288710 0.796010
 0.213500 0.289088 0.693261
 0.214000 0.289415 0.598456
 0.214500 0.289696 0.510328
 0.215000 0.289934 0.429123
 0.215500 0.290133 0.354235
 0.216000 0.290295 0.285492
 0.216500 0.290425 0.221418
 0.217000 0.290524 0.161642
 0.217500 0.290595 0.105282
 0.218000 0.290637 0.053731
 0.218500 0.290655 0.004683
 0.219000 0.290649 -0.042400
 0.219500 0.290619 -0.087146
 0.220000 0.290567 -0.130331
 0.220500 0.290493 -0.172636
 0.221000 0.290398 -0.213260
 0.221500 0.290283 -0.253396
 0.222000 0.290148 -0.292532
 0.222500 0.289994 -0.330102
 0.223000 0.289822 -0.365692
 0.223500 0.289631 -0.398515
 0.224000 0.289424 -0.428999
 0.224500 0.289203 -0.456130
 0.225000 0.288969 -0.479489
 0.225500 0.288725 -0.498744
 0.226000 0.288471 -0.513872
 0.226500 0.288211 -0.524702
 0.227000 0.287948 -0.531026
 0.227500 0.287682 -0.533073
 0.228000 0.287415 -0.531386
 0.228500 0.287150 -0.526536
 0.229000 0.286887 -0.518894
 0.229500 0.286629 -0.509021
 0.230000 0.286377 -0.498464
 0.230500 0.286129 -0.487729
 0.231000 0.285886 -0.478042
 0.231500 0.285647 -0.469945
 0.232000 0.285411 -0.465030
 0.232500 0.285178 -0.463496
 0.233000 0.284943 -0.466938
 0.233500 0.284705 -0.476927
 0.234000 0.284460 -0.493285
 0.234500 0.284205 -0.517270
 0.235000 0.283938 -0.549677
 0.235500 0.283650 -0.591480
 0.236000 0.283340 -0.642894
 0.236500 0.283001 -0.704519
 0.237000 0.282629 -0.777001
 0.237500 0.282217 -0.859955
 0.238000 0.281762 -0.952700
 0.238500 0.281258 -1.054775
 0.239000 0.280702 -1.164602
 0.239500 0.280088 -1.281283
 0.240000 0.279413 -1.403794
 0.240500 0.278676 -1.529160
 0.241000 0.277876 -1.655314
 0.241500 0.277013 -1.779436
 0.242000 0.276090 -1.899079
 0.242500 0.275108 -2.011967
 0.243000 0.274072 -2.115813
 0.243500 0.272987 -2.208996
 0.244000 0.271858 -2.289856
 0.244500 0.270692 -2.357713
 0.245000 0.269495 -2.411862
 0.245500 0.268274 -2.452460
 0.246000 0.267036 -2.479697
 0.246500 0.265788 -2.494573
 0.247000 0.264536 -2.498340
 0.247500 0.263284 -2.492493
 0.248000 0.262037 -2.478608
 0.248500 0.260799 -2.458657
 0.249000 0.259571 -2.434080
 0.249500 0.258357 -2.407199
 0.250000 0.257156 -2.379549
 0.250500 0.255967 -2.353048
 0.251000 0.254792 -2.328618
 0.251500 0.253629 -2.307312
 0.252000 0.252474 -2.290485
 0.252500 0.251327 -2.278815
 0.253000 0.250184 -2.272273
 0.253500 0.249043 -2.271030
 0.254000 0.247902 -2.274957
 0.254500 0.246757 -2.283762
 0.255000 0.245607 -2.297255
 0.255500 0.244448 -2.314879
 0.256000 0.243280 -2.336233
 0.256500 0.242101 -2.360385
 0.257000 0.240908 -2.387431
 0.257500 0.239702 -2.416072
 0.258000 0.238480 -2.446418
 0.258500 0.237243 -2.477900
 0.259000 0.235990 -2.510658
 0.259500 0.234720 -2.544250
 0.260000 0.233433 -2.578350
 0.260500 0.232128 -2.612755
 0.261000 0.230807 -2.647165
 0.261500 0.229468 -2.681815
 0.262000 0.228112 -2.715740
 0.262500 0.226740 -2.749291
 0.263000 0.225351 -2.781805
 0.263500 0.223945 -2.813809
 0.264000 0.222523 -2.844778
 0.264500 0.221087 -2.873812
 0.265000 0.219637 -2.900764
 0.265500 0.218174 -2.925833
 0.266000 0.216699 -2.948370
 0.266500 0.215213 -2.968676
 0.267000 0.213716 -2.987087
 0.267500 0.212211 -3.003445
 0.268000 0.210698 -3.018016
 0.268500 0.209178 -3.030310
 0.269000 0.207653 -3.040888
 0.269500 0.206123 -3.049858
 0.270000 0.204589 -3.058268
 0.270500 0.203050 -3.065856
 0.271000 0.201508 -3.073304
 0.271500 0.199962 -3.080306
 0.272000 0.198413 -3.087342
 0.272500 0.196861 -3.094752
 0.273000 0.195305 -3.102602
 0.273500 0.193744 -3.111090
 0.274000 0.192180 -3.120365
 0.274500 0.190609 -3.130560
 0.275000 0.189034 -3.141159
 0.275500 0.187455 -3.151930
 0.276000 0.185869 -3.163288
 0.276500 0.184277 -3.174892
 0.277000 0.182680 -3.185956
 0.277500 0.181078 -3.196652
 0.278000 0.179470 -3.206874
 0.278500 0.177856 -3.216479
 0.279000 0.176237 -3.225021
 0.279500 0.174616 -3.231258
 0.280000 0.172991 -3.236654
 0.280500 0.171364 -3.239522
 0.281000 0.169736 -3.240608
 0.281500 0.168107 -3.240400
 0.282000 0.166479 -3.238531
 0.282500 0.164852 -3.234792
 0.283000 0.163228 -3.229540
 0.283500 0.161608 -3.222962
 0.284000 0.159992 -3.215384
 0.284500 0.158379 -3.207641
 0.285000 0.156770 -3.200260
 0.285500 0.155165 -3.194021
 0.286000 0.153561 -3.189322
 0.286500 0.151961 -3.186153
 0.287000 0.150361 -3.184794
 0.287500 0.148763 -3.185309
 0.288000 0.147163 -3.188052
 0.288500 0.145561 -3.193024
 0.289000 0.143956 -3.199562
 0.289500 0.142348 -3.207285
 0.290000 0.140735 -3.215962
 0.290500 0.139116 -3.225460
 0.291000 0.137494 -3.234141
 0.291500 0.135869 -3.240669
 0.292000 0.134242 -3.245075
 0.292500 0.132611 -3.247698
 0.293000 0.130979 -3.247323
 0.293500 0.129348 -3.243803
 0.294000 0.127720 -3.237119
 0.294500 0.126096 -3.226852
 0.295000 0.124478 -3.213493
 0.295500 0.122867 -3.197338
 0.296000 0.121265 -3.179308
 0.296500 0.119673 -3.159920
 0.297000 0.118090 -3.140483
 0.297500 0.116517 -3.121302
 0.298000 0.114953 -3.103342
 0.298500 0.113398 -3.087978
 0.299000 0.111850 -3.075977
 0.299500 0.110306 -3.067903
 0.300000 0.108766 -3.064433
 0.300500 0.107226 -3.065966
 0.301000 0.105683 -3.073318
 0.301500 0.104136 -3.085498
 0.302000 0.102581 -3.102751
 0.302500 0.101016 -3.124421
 0.303000 0.099440 -3.150164
 0.303500 0.097849 -3.179360
 0.304000 0.096243 -3.210568
 0.304500 0.094621 -3.242760
 0.305000 0.092983 -3.275368
 0.305500 0.091329 -3.306781
 0.306000 0.089661 -3.336333
 0.306500 0.087978 -3.363505
 0.307000 0.086282 -3.387434
 0.307500 0.084575 -3.407915
 0.308000 0.082859 -3.424765
 0.308500 0.081135 -3.437699
 0.309000 0.079406 -3.446395
 0.309500 0.077674 -3.451511
 0.310000 0.075940 -3.453355
 0.310500 0.074206 -3.452124
 0.311000 0.072473 -3.448334
 0.311500 0.070743 -3.442303
 0.312000 0.069016 -3.434687
 0.312500 0.067293 -3.426117
 0.313000 0.065574 -3.416664
 0.313500 0.063860 -3.406670
 0.314000 0.062151 -3.396381
 0.314500 0.060448 -3.385871
 0.315000 0.058750 -3.375055
 0.315500 0.057058 -3.364183
 0.316000 0.055371 -3.353418
 0.316500 0.053689 -3.342677
 0.317000 0.052013 -3.331717
 0.317500 0.050342 -3.320983
 0.318000 0.048677 -3.310412
 0.318500 0.047017 -3.299879
 0.319000 0.045362 -3.289656
 0.319500 0.043711 -3.280023
 0.320000 0.042065 -3.271281
 0.320500 0.040424 -3.263339
 0.321000 0.038786 -3.256140
 0.321500 0.037152 -3.250299
 0.322000 0.035520 -3.246017
 0.322500 0.033890 -3.243363
 0.323000 0.032260 -3.242328
 0.323500 0.030631 -3.242988
 0.324000 0.029001 -3.245146
 0.324500 0.027370 -3.249038
 0.325000 0.025736 -3.254544
 0.325500 0.024098 -3.261569
 0.326000 0.022457 -3.269713
 0.326500 0.020811 -3.278772
 0.327000 0.019161 -3.288747
 0.327500 0.017506 -3.299355
 0.328000 0.015845 -3.310236
 0.328500 0.014178 -3.321567
 0.329000 0.012506 -3.332928
 0.329500 0.010828 -3.344610
 0.330000 0.009144 -3.356169
 0.330500 0.007455 -3.367625
 0.331000 0.005760 -3.379084
 0.331500 0.004059 -3.390449
 0.332000 0.002352 -3.401726
 0.332500 0.000640 -3.412860
 0.333000 -0.001078 -3.424008
 0.333500 -0.002801 -3.434892
 0.334000 -0.004530 -3.445583
 0.334500 -0.006263 -3.455780
 0.335000 -0.008001 -3.465294
 0.335500 -0.009744 -3.474530
 0.336000 -0.011492 -3.482753
 0.336500 -0.013242 -3.489859
 0.337000 -0.014997 -3.495965
 0.337500 -0.016754 -3.500638
 0.338000 -0.018512 -3.503788
 0.338500 -0.020272 -3.505161
 0.339000 -0.022032 -3.504309
 0.339500 -0.023791 -3.501434
 0.340000 -0.025547 -3.496174
 0.340500 -0.027300 -3.488309
 0.341000 -0.029049 -3.477919
 0.341500 -0.030791 -3.464901
 0.342000 -0.032526 -3.449026
 0.342500 -0.034252 -3.430370
 0.343000 -0.035968 -3.409209
 0.343500 -0.037673 -3.385515
 0.344000 -0.039366 -3.359383
 0.344500 -0.041044 -3.330909
 0.345000 -0.042708 -3.300316
 0.345500 -0.044356 -3.267628
 0.346000 -0.045987 -3.233251
 0.346500 -0.047600 -3.197166
 0.347000 -0.049195 -3.159806
 0.347500 -0.050770 -3.121335
 0.348000 -0.052326 -3.081778
 0.348500 -0.053862 -3.041548
 0.349000 -0.055377 -3.000686
 0.349500 -0.056871 -2.959476
 0.350000 -0.058346 -2.918180
 0.350500 -0.059799 -2.876811
 0.351000 -0.061231 -2.835441
 0.351500 -0.062643 -2.794199
 0.352000 -0.064034 -2.753159
 0.352500 -0.065404 -2.712241
 0.353000 -0.066754 -2.671542
 0.353500 -0.068083 -2.631099
 0.354000 -0.069392 -2.590804
 0.354500 -0.070681 -2.550571
 0.355000 -0.071950 -2.510355
 0.355500 -0.073198 -2.470085
 0.356000 -0.074427 -2.429672
 0.356500 -0.075634 -2.388975
 0.357000 -0.076822 -2.347814
 0.357500 -0.077988 -2.306138
 0.358000 -0.079133 -2.263824
 0.358500 -0.080257 -2.220814
 0.359000 -0.081359 -2.177004
 0.359500 -0.082439 -2.132267
 0.360000 -0.083496 -2.086668
 0.360500 -0.084530 -2.040234
 0.361000 -0.085540 -1.992837
 0.361500 -0.086527 -1.944428
 0.362000 -0.087488 -1.895049
 0.362500 -0.088425 -1.844700
 0.363000 -0.089336 -1.793333
 0.363500 -0.090222 -1.741059
 0.364000 -0.091080 -1.687846
 0.364500 -0.091912 -1.633720
 0.365000 -0.092717 -1.578612
 0.365500 -0.093493 -1.522529
 0.366000 -0.094241 -1.465472
 0.366500 -0.094961 -1.407361
 0.367000 -0.095650 -1.348211
 0.367500 -0.096310 -1.288033
 0.368000 -0.096940 -1.226630
 0.368500 -0.097538 -1.164086
 0.369000 -0.098105 -1.100321
 0.369500 -0.098640 -1.035327
 0.370000 -0.099141 -0.969055
 0.370500 -0.099609 -0.901499
 0.371000 -0.100043 -0.832609
 0.371500 -0.100442 -0.762388
 0.372000 -0.100805 -0.690894
 0.372500 -0.101133 -0.618086
 0.373000 -0.101423 -0.543985
 0.373500 -0.101676 -0.468622
 0.374000 -0.101891 -0.391965
 0.374500 -0.102068 -0.314062
 0.375000 -0.102205 -0.234880
 0.375500 -0.102302 -0.154390
 0.376000 -0.102358 -0.072614
 0.376500 -0.102373 0.010498
 0.377000 -0.102346 0.094985
 0.377500 -0.102276 0.180834
 0.378000 -0.102164 0.268113
 0.378500 -0.102007 0.356899
 0.379000 -0.101805 0.447207
 0.379500 -0.101557 0.539036
 0.380000 -0.101264 0.632466
 0.380500 -0.100923 0.727527
 0.381000 -0.100533 0.824274
 0.381500 -0.100096 0.922689
 0.382000 -0.099608 1.022832
 0.382500 -0.099070 1.124645
 0.383000 -0.098480 1.228183
 0.383500 -0.097838 1.333357
 0.384000 -0.097143 1.440160
 0.384500 -0.096394 1.548597
 0.385000 -0.095591 1.658534
 0.385500 -0.094732 1.769967
 0.386000 -0.093817 1.882742
 0.386500 -0.092844 1.996755
 0.387000 -0.091815 2.111963
 0.387500 -0.090727 2.228265
 0.388000 -0.089581 2.345492
 0.388500 -0.088376 2.463512
 0.389000 -0.087112 2.582256
 0.389500 -0.085788 2.701498
 0.390000 -0.084404 2.821071
 0.390500 -0.082960 2.940920
 0.391000 -0.081456 3.060915
 0.391500 -0.079891 3.180909
 0.392000 -0.078267 3.300786
 0.392500 -0.076582 3.420473
 0.393000 -0.074837 3.539955
 0.393500 -0.073032 3.659241
 0.394000 -0.071167 3.778224
 0.394500 -0.069243 3.896970
 0.395000 -0.067259 4.015467
 0.395500 -0.065215 4.133807
 0.396000 -0.063112 4.252139
 0.396500 -0.060949 4.370322
 0.397000 -0.058726 4.488381
 0.397500 -0.056444 4.606817
 0.398000 -0.054102 4.725813
 0.398500 -0.051700 4.845304
 0.399000 -0.049237 4.965458
 0.399500 -0.046713 5.086572
 0.400000 -0.044128 5.208428
 0.400500 -0.041481 5.331347
 0.401000 -0.038771 5.455325
 0.401500 -0.035998 5.580852
 0.402000 -0.033162 5.707790
 0.402500 -0.030260 5.836176
 0.403000 -0.027293 5.966275
 0.403500 -0.024259 6.097800
 0.404000 -0.021157 6.230548
 0.404500 -0.017988 6.365978
 0.405000 -0.014750 6.502555
 0.405500 -0.011441 6.641043
 0.406000 -0.008060 6.781095
 0.406500 -0.004608 6.922895
 0.407000 -0.001082 7.066448
 0.407500 0.002517 7.212222
 0.408000 0.006191 7.359792
 0.408500 0.009940 7.508900
 0.409000 0.013768 7.659242
 0.409500 0.017673 7.810999
 0.410000 0.021657 7.964394
 0.410500 0.025719 8.119480
 0.411000 0.029863 8.275063
 0.411500 0.034088 8.432226
 0.412000 0.038395 8.590279
 0.412500 0.042782 8.750137
 0.413000 0.047254 8.910795
 0.413500 0.051809 9.072698
 0.414000 0.056453 9.233603
 0.414500 0.061182 9.395632
 0.415000 0.065996 9.558866
 0.415500 0.070896 9.723474
 0.416000 0.075886 9.887968
 0.416500 0.080966 10.053070
 0.417000 0.086132 10.220064
 0.417500 0.091387 10.388567
 0.418000 0.096736 10.556419
 0.418500 0.102174 10.726716
 0.419000 0.107707 10.897271
 0.419500 0.113334 11.068712
 0.420000 0.119056 11.240730
 0.420500 0.124878 11.411818
 0.421000 0.130801 11.582258
 0.421500 0.136823 11.753067
 0.422000 0.142938 11.926530
 0.422500 0.149151 12.100816
 0.423000 0.155464 12.275729
 0.423500 0.161883 12.449351
 0.424000 0.168399 12.624615
 0.424500 0.175027 12.797140
 0.425000 0.181768 12.966131
 0.425500 0.188600 13.138824
 0.426000 0.195540 13.310239
 0.426500 0.202585 13.481474
 0.427000 0.209736 13.652381
 0.427500 0.216983 13.825805
 0.428000 0.224366 13.990096
 0.428500 0.231855 14.154565
 0.429000 0.239465 14.314937
 0.429500 0.247190 14.473151
 0.430000 0.255007 14.636284
 0.430500 0.262934 14.799802
 0.431000 0.270988 14.959490
 0.431500 0.279169 15.116360
 0.432000 0.287467 15.273167
 0.432500 0.295909 15.423511
 0.433000 0.304475 15.573594
 0.433500 0.313155 15.725713
 0.434000 0.321966 15.876749
 0.434500 0.330867 16.037720
 0.435000 0.339917 16.194876
 0.435500 0.349037 16.367015
 0.436000 0.358349 16.528237
 0.436500 0.367773 16.694958
 0.437000 0.377373 16.855307
 0.437500 0.387084 17.022288
 0.438000 0.396962 17.185151
 0.438500 0.406994 17.346977
 0.439000 0.417180 17.507468
 0.439500 0.427528 17.666311
 0.440000 0.438127 17.806741
 0.440500 0.448854 17.950252
 0.441000 0.459765 18.088177
 0.441500 0.470914 18.210700
 0.442000 0.482254 18.326445
 0.442500 0.493762 18.438452
 0.443000 0.505534 18.531688
 0.443500 0.517420 18.628933
 0.444000 0.529444 18.727898
 0.444500 0.541676 18.818699
 0.445000 0.553892 18.935070
 0.445500 0.566340 19.043749
 0.446000 0.578965 19.153445
 0.446500 0.591675 19.277085
 0.447000 0.604624 19.396112
 0.447500 0.617722 19.523003
 0.448000 0.630966 19.659306
 0.448500 0.644555 19.783255
 0.449000 0.658506 19.891704
 0.449500 0.672867 19.979033
 0.450000 0.687085 20.103540
