#! FIELDS sp fsp dfsp_sp
#! SET normalisation  1.000000
#! SET min_sp -4.5
#! SET max_sp -2.0
#! SET nbins_sp  500
#! SET periodic_sp false
 -4.500000 0.697262 -1.167544
 -4.495000 0.691118 -1.170773
 -4.490000 0.684984 -1.173517
 -4.485000 0.678774 -1.178707
 -4.480000 0.672580 -1.182566
 -4.475000 0.666391 -1.185470
 -4.470000 0.660223 -1.186814
 -4.465000 0.654072 -1.186851
 -4.460000 0.647811 -1.190295
 -4.455000 0.641501 -1.194646
 -4.450000 0.635224 -1.197045
 -4.445000 0.628899 -1.200464
 -4.440000 0.622625 -1.201343
 -4.435000 0.616358 -1.201534
 -4.430000 0.610012 -1.204123
 -4.425000 0.603743 -1.203482
 -4.420000 0.597467 -1.202852
 -4.415000 0.591238 -1.200333
 -4.410000 0.585065 -1.195787
 -4.405000 0.578851 -1.192857
 -4.400000 0.572687 -1.188353
 -4.395000 0.566561 -1.182827
 -4.390000 0.560432 -1.177987
 -4.385000 0.554329 -1.172813
 -4.380000 0.548275 -1.166600
 -4.375000 0.542218 -1.161438
 -4.370000 0.536228 -1.154783
 -4.365000 0.530233 -1.149501
 -4.360000 0.524232 -1.145671
 -4.355000 0.518269 -1.141569
 -4.350000 0.512348 -1.137144
 -4.345000 0.506464 -1.132603
 -4.340000 0.500599 -1.128589
 -4.335000 0.494786 -1.123797
 -4.330000 0.489002 -1.119160
 -4.325000 0.483228 -1.115333
 -4.320000 0.477476 -1.111674
 -4.315000 0.471741 -1.108327
 -4.310000 0.466050 -1.104218
 -4.305000 0.460384 -1.099994
 -4.300000 0.454756 -1.095052
 -4.295000 0.449130 -1.090855
 -4.290000 0.443544 -1.085785
 -4.285000 0.437976 -1.080803
 -4.280000 0.432438 -1.075445
 -4.275000 0.426922 -1.070044
 -4.270000 0.421460 -1.063376
 -4.265000 0.416002 -1.057624
 -4.260000 0.410564 -1.052174
 -4.255000 0.405177 -1.045833
 -4.250000 0.399839 -1.038796
 -4.245000 0.394545 -1.031369
 -4.240000 0.389293 -1.023787
 -4.235000 0.384069 -1.016637
 -4.230000 0.378890 -1.009278
 -4.225000 0.373754 -1.001850
 -4.220000 0.368666 -0.994166
 -4.215000 0.363612 -0.986817
 -4.210000 0.358602 -0.979365
 -4.205000 0.353617 -0.972587
 -4.200000 0.348651 -0.966735
 -4.195000 0.343727 -0.960663
 -4.190000 0.338836 -0.954791
 -4.185000 0.333972 -0.949285
 -4.180000 0.329143 -0.943704
 -4.175000 0.324336 -0.938602
 -4.170000 0.319558 -0.933589
 -4.165000 0.314807 -0.928730
 -4.160000 0.310089 -0.923690
 -4.155000 0.305388 -0.919180
 -4.150000 0.300723 -0.914296
 -4.145000 0.296070 -0.910070
 -4.140000 0.291438 -0.906074
 -4.135000 0.286823 -0.902437
 -4.130000 0.282235 -0.898706
 -4.125000 0.277659 -0.895439
 -4.120000 0.273103 -0.892270
 -4.115000 0.268572 -0.888905
 -4.110000 0.264061 -0.885523
 -4.105000 0.259564 -0.882383
 -4.100000 0.255085 -0.879227
 -4.095000 0.250620 -0.876224
 -4.090000 0.246172 -0.873133
 -4.085000 0.241745 -0.869808
 -4.080000 0.237343 -0.866040
 -4.075000 0.232960 -0.862126
 -4.070000 0.228604 -0.857703
 -4.065000 0.224276 -0.852789
 -4.060000 0.219969 -0.847731
 -4.055000 0.215693 -0.842158
 -4.050000 0.211444 -0.836319
 -4.045000 0.207227 -0.830091
 -4.040000 0.203042 -0.823534
 -4.035000 0.198896 -0.816423
 -4.030000 0.194784 -0.809077
 -4.025000 0.190715 -0.801266
 -4.020000 0.186683 -0.793327
 -4.015000 0.182696 -0.784989
 -4.010000 0.178750 -0.776493
 -4.005000 0.174848 -0.767893
 -4.000000 0.170991 -0.759154
 -3.995000 0.167179 -0.750413
 -3.990000 0.163409 -0.741742
 -3.985000 0.159687 -0.733046
 -3.980000 0.156009 -0.724466
 -3.975000 0.152374 -0.716028
 -3.970000 0.148779 -0.708003
 -3.965000 0.145224 -0.700231
 -3.960000 0.141708 -0.692782
 -3.955000 0.138228 -0.685745
 -3.950000 0.134784 -0.679032
 -3.945000 0.131375 -0.672670
 -3.940000 0.127996 -0.666704
 -3.935000 0.124647 -0.661073
 -3.930000 0.121327 -0.655727
 -3.925000 0.118035 -0.650644
 -3.920000 0.114769 -0.645754
 -3.915000 0.111527 -0.641069
 -3.910000 0.108309 -0.636511
 -3.905000 0.105114 -0.632068
 -3.900000 0.101944 -0.627576
 -3.895000 0.098796 -0.623068
 -3.890000 0.095671 -0.618479
 -3.885000 0.092571 -0.613731
 -3.880000 0.089496 -0.608786
 -3.875000 0.086447 -0.603602
 -3.870000 0.083425 -0.598166
 -3.865000 0.080431 -0.592458
 -3.860000 0.077467 -0.586428
 -3.855000 0.074535 -0.580068
 -3.850000 0.071636 -0.573384
 -3.845000 0.068772 -0.566391
 -3.840000 0.065944 -0.559073
 -3.835000 0.063153 -0.551483
 -3.830000 0.060402 -0.543600
 -3.825000 0.057692 -0.535446
 -3.820000 0.055023 -0.527097
 -3.815000 0.052397 -0.518548
 -3.810000 0.049815 -0.509864
 -3.805000 0.047276 -0.501076
 -3.800000 0.044783 -0.492214
 -3.795000 0.042334 -0.483336
 -3.790000 0.039930 -0.474476
 -3.785000 0.037571 -0.465674
 -3.780000 0.035255 -0.456992
 -3.775000 0.032983 -0.448423
 -3.770000 0.030754 -0.440010
 -3.765000 0.028567 -0.431773
 -3.760000 0.026420 -0.423723
 -3.755000 0.024314 -0.415854
 -3.750000 0.022247 -0.408182
 -3.745000 0.020218 -0.400678
 -3.740000 0.018227 -0.393333
 -3.735000 0.016272 -0.386143
 -3.730000 0.014353 -0.379072
 -3.725000 0.012470 -0.372088
 -3.720000 0.010622 -0.365175
 -3.715000 0.008808 -0.358306
 -3.710000 0.007029 -0.351456
 -3.705000 0.005284 -0.344612
 -3.700000 0.003573 -0.337735
 -3.695000 0.001897 -0.330811
 -3.690000 0.000257 -0.323816
 -3.685000 -0.001349 -0.316748
 -3.680000 -0.002918 -0.309595
 -3.675000 -0.004452 -0.302352
 -3.670000 -0.005948 -0.295011
 -3.665000 -0.007408 -0.287564
 -3.660000 -0.008830 -0.280018
 -3.655000 -0.010214 -0.272381
 -3.650000 -0.011559 -0.264650
 -3.645000 -0.012865 -0.256828
 -3.640000 -0.014132 -0.248918
 -3.635000 -0.015358 -0.240926
 -3.630000 -0.016545 -0.232857
 -3.625000 -0.017691 -0.224714
 -3.620000 -0.018796 -0.216494
 -3.615000 -0.019860 -0.208203
 -3.610000 -0.020882 -0.199843
 -3.605000 -0.021861 -0.191420
 -3.600000 -0.022799 -0.182931
 -3.595000 -0.023693 -0.174383
 -3.590000 -0.024545 -0.165786
 -3.585000 -0.025353 -0.157140
 -3.580000 -0.026119 -0.148453
 -3.575000 -0.026840 -0.139738
 -3.570000 -0.027518 -0.130996
 -3.565000 -0.028152 -0.122236
 -3.560000 -0.028742 -0.113473
 -3.555000 -0.029288 -0.104714
 -3.550000 -0.029790 -0.095970
 -3.545000 -0.030249 -0.087250
 -3.540000 -0.030664 -0.078566
 -3.535000 -0.031035 -0.069922
 -3.530000 -0.031364 -0.061335
 -3.525000 -0.031649 -0.052810
 -3.520000 -0.031892 -0.044352
 -3.515000 -0.032093 -0.035971
 -3.510000 -0.032253 -0.027670
 -3.505000 -0.032370 -0.019455
 -3.500000 -0.032447 -0.011323
 -3.495000 -0.032483 -0.003273
 -3.490000 -0.032480 0.004697
 -3.485000 -0.032436 0.012592
 -3.480000 -0.032353 0.020419
 -3.475000 -0.032231 0.028190
 -3.470000 -0.032070 0.035909
 -3.465000 -0.031871 0.043595
 -3.460000 -0.031633 0.051257
 -3.455000 -0.031357 0.058905
 -3.450000 -0.031042 0.066553
 -3.445000 -0.030689 0.074212
 -3.440000 -0.030298 0.081891
 -3.435000 -0.029868 0.089601
 -3.430000 -0.029400 0.097348
 -3.425000 -0.028892 0.105138
 -3.420000 -0.028346 0.112977
 -3.415000 -0.027759 0.120863
 -3.410000 -0.027134 0.128808
 -3.405000 -0.026468 0.136808
 -3.400000 -0.025762 0.144865
 -3.395000 -0.025015 0.152981
 -3.390000 -0.024228 0.161162
 -3.385000 -0.023399 0.169400
 -3.380000 -0.022529 0.177706
 -3.375000 -0.021617 0.186080
 -3.370000 -0.020663 0.194517
 -3.365000 -0.019667 0.203026
 -3.360000 -0.018627 0.211612
 -3.355000 -0.017545 0.220267
 -3.350000 -0.016418 0.228996
 -3.345000 -0.015248 0.237799
 -3.340000 -0.014033 0.246668
 -3.335000 -0.012774 0.255614
 -3.330000 -0.011470 0.264631
 -3.325000 -0.010120 0.273719
 -3.320000 -0.008724 0.282861
 -3.315000 -0.007282 0.292056
 -3.310000 -0.005794 0.301292
 -3.305000 -0.004259 0.310564
 -3.300000 -0.002678 0.319867
 -3.295000 -0.001051 0.329177
 -3.290000 0.000624 0.338471
 -3.285000 0.002345 0.347750
 -3.280000 0.004113 0.357000
 -3.275000 0.005928 0.366208
 -3.270000 0.007788 0.375355
 -3.265000 0.009695 0.384430
 -3.260000 0.011647 0.393428
 -3.255000 0.013645 0.402355
 -3.250000 0.015687 0.411197
 -3.245000 0.017773 0.419950
 -3.240000 0.019904 0.428613
 -3.235000 0.022078 0.437196
 -3.230000 0.024295 0.445689
 -3.225000 0.026555 0.454081
 -3.220000 0.028857 0.462385
 -3.215000 0.031200 0.470602
 -3.210000 0.033586 0.478715
 -3.205000 0.036012 0.486765
 -3.200000 0.038479 0.494739
 -3.195000 0.040986 0.502616
 -3.190000 0.043533 0.510422
 -3.185000 0.046120 0.518137
 -3.180000 0.048745 0.525807
 -3.175000 0.051410 0.533404
 -3.170000 0.054113 0.540954
 -3.165000 0.056854 0.548396
 -3.160000 0.059633 0.555807
 -3.155000 0.062450 0.563176
 -3.150000 0.065305 0.570456
 -3.145000 0.068197 0.577681
 -3.140000 0.071126 0.584857
 -3.135000 0.074091 0.592030
 -3.130000 0.077093 0.599193
 -3.125000 0.080132 0.606322
 -3.120000 0.083208 0.613425
 -3.115000 0.086320 0.620570
 -3.110000 0.089468 0.627729
 -3.105000 0.092653 0.634855
 -3.100000 0.095875 0.642011
 -3.095000 0.099135 0.649171
 -3.090000 0.102431 0.656358
 -3.085000 0.105764 0.663567
 -3.080000 0.109133 0.670842
 -3.075000 0.112540 0.678091
 -3.070000 0.115985 0.685254
 -3.065000 0.119467 0.692357
 -3.060000 0.122986 0.699341
 -3.055000 0.126540 0.706193
 -3.050000 0.130129 0.712835
 -3.045000 0.133751 0.719106
 -3.040000 0.137408 0.724811
 -3.035000 0.141092 0.729967
 -3.030000 0.144800 0.734419
 -3.025000 0.148530 0.737923
 -3.020000 0.152278 0.740234
 -3.015000 0.156034 0.741205
 -3.010000 0.159790 0.740719
 -3.005000 0.163540 0.738352
 -3.000000 0.167277 0.733822
 -2.995000 0.170984 0.727081
 -2.990000 0.174652 0.717825
 -2.985000 0.178269 0.705877
 -2.980000 0.181821 0.691145
 -2.975000 0.185295 0.673108
 -2.970000 0.188671 0.652200
 -2.965000 0.191932 0.628249
 -2.960000 0.195064 0.601117
 -2.955000 0.198053 0.570474
 -2.950000 0.200873 0.536503
 -2.945000 0.203515 0.498735
 -2.940000 0.205955 0.456484
 -2.935000 0.208166 0.409343
 -2.930000 0.210111 0.356160
 -2.925000 0.211774 0.296557
 -2.920000 0.213118 0.229954
 -2.915000 0.214105 0.156581
 -2.910000 0.214697 0.076750
 -2.905000 0.214867 -0.008921
 -2.900000 0.214586 -0.098541
 -2.895000 0.213854 -0.189327
 -2.890000 0.212657 -0.279863
 -2.885000 0.210987 -0.367732
 -2.880000 0.208877 -0.450317
 -2.875000 0.206379 -0.524785
 -2.870000 0.203531 -0.590218
 -2.865000 0.200372 -0.646437
 -2.860000 0.196961 -0.693205
 -2.855000 0.193329 -0.731696
 -2.850000 0.189534 -0.762054
 -2.845000 0.185597 -0.785893
 -2.840000 0.181560 -0.803919
 -2.835000 0.177441 -0.817378
 -2.830000 0.173271 -0.826755
 -2.825000 0.169068 -0.832757
 -2.820000 0.164845 -0.836008
 -2.815000 0.160614 -0.836980
 -2.810000 0.156384 -0.836077
 -2.805000 0.152167 -0.833460
 -2.800000 0.147963 -0.829610
 -2.795000 0.143787 -0.824334
 -2.790000 0.139643 -0.817834
 -2.785000 0.135537 -0.810164
 -2.780000 0.131469 -0.801756
 -2.775000 0.127452 -0.792156
 -2.770000 0.123484 -0.781830
 -2.765000 0.119575 -0.770549
 -2.760000 0.115726 -0.758552
 -2.755000 0.111940 -0.745946
 -2.750000 0.108220 -0.732805
 -2.745000 0.104569 -0.719165
 -2.740000 0.100990 -0.705166
 -2.735000 0.097482 -0.690917
 -2.730000 0.094047 -0.676512
 -2.725000 0.090686 -0.661926
 -2.720000 0.087400 -0.647298
 -2.715000 0.084188 -0.632664
 -2.710000 0.081049 -0.618090
 -2.705000 0.077985 -0.603502
 -2.700000 0.074994 -0.589016
 -2.695000 0.072076 -0.574616
 -2.690000 0.069230 -0.560320
 -2.685000 0.066456 -0.546079
 -2.680000 0.063755 -0.531831
 -2.675000 0.061125 -0.517602
 -2.670000 0.058566 -0.503409
 -2.665000 0.056078 -0.489162
 -2.660000 0.053663 -0.474828
 -2.655000 0.051321 -0.460385
 -2.650000 0.049051 -0.445813
 -2.645000 0.046855 -0.431098
 -2.640000 0.044734 -0.416231
 -2.635000 0.042687 -0.401234
 -2.630000 0.040716 -0.386095
 -2.625000 0.038821 -0.370816
 -2.620000 0.037003 -0.355409
 -2.615000 0.035263 -0.339908
 -2.610000 0.033600 -0.324324
 -2.605000 0.032016 -0.308684
 -2.600000 0.030510 -0.293019
 -2.595000 0.029083 -0.277345
 -2.590000 0.027734 -0.261685
 -2.585000 0.026464 -0.246067
 -2.580000 0.025272 -0.230505
 -2.575000 0.024157 -0.215006
 -2.570000 0.023120 -0.199581
 -2.565000 0.022160 -0.184231
 -2.560000 0.021276 -0.168948
 -2.555000 0.020469 -0.153734
 -2.550000 0.019738 -0.138565
 -2.545000 0.019083 -0.123432
 -2.540000 0.018503 -0.108313
 -2.535000 0.017999 -0.093189
 -2.530000 0.017571 -0.078040
 -2.525000 0.017218 -0.062851
 -2.520000 0.016942 -0.047607
 -2.515000 0.016743 -0.032286
 -2.510000 0.016620 -0.016876
 -2.505000 0.016574 -0.001369
 -2.500000 0.016606 0.014239
 -2.495000 0.016717 0.029948
 -2.490000 0.016907 0.045756
 -2.485000 0.017175 0.061665
 -2.480000 0.017524 0.077660
 -2.475000 0.017953 0.093734
 -2.470000 0.018463 0.109870
 -2.465000 0.019053 0.126062
 -2.460000 0.019725 0.142300
 -2.455000 0.020477 0.158568
 -2.450000 0.021312 0.174858
 -2.445000 0.022228 0.191157
 -2.440000 0.023225 0.207462
 -2.435000 0.024305 0.223759
 -2.430000 0.025466 0.240057
 -2.425000 0.026708 0.256352
 -2.420000 0.028032 0.272643
 -2.415000 0.029439 0.288915
 -2.410000 0.030926 0.305209
 -2.405000 0.032495 0.321495
 -2.400000 0.034146 0.337816
 -2.395000 0.035879 0.354159
 -2.390000 0.037694 0.370531
 -2.385000 0.039591 0.386947
 -2.380000 0.041571 0.403434
 -2.375000 0.043634 0.419992
 -2.370000 0.045780 0.436634
 -2.365000 0.048010 0.453378
 -2.360000 0.050325 0.470270
 -2.355000 0.052725 0.487308
 -2.350000 0.055211 0.504517
 -2.345000 0.057784 0.521910
 -2.340000 0.060445 0.539578
 -2.335000 0.063197 0.557460
 -2.330000 0.066039 0.575610
 -2.325000 0.068974 0.594023
 -2.320000 0.072004 0.612768
 -2.315000 0.075128 0.631898
 -2.310000 0.078350 0.651323
 -2.305000 0.081673 0.670964
 -2.300000 0.085097 0.690956
 -2.295000 0.088622 0.711278
 -2.290000 0.092251 0.731856
 -2.285000 0.095984 0.752626
 -2.280000 0.099823 0.773482
 -2.275000 0.103768 0.794317
 -2.270000 0.107822 0.814849
 -2.265000 0.111982 0.835029
 -2.260000 0.116243 0.854772
 -2.255000 0.120604 0.873861
 -2.250000 0.125063 0.891920
 -2.245000 0.129612 0.908900
 -2.240000 0.134247 0.924407
 -2.235000 0.138963 0.938114
 -2.230000 0.143745 0.949944
 -2.225000 0.148584 0.959643
 -2.220000 0.153475 0.966703
 -2.215000 0.158405 0.971049
 -2.210000 0.163352 0.972915
 -2.205000 0.168309 0.972051
 -2.200000 0.173263 0.968623
 -2.195000 0.178194 0.963130
 -2.190000 0.183119 0.954828
 -2.185000 0.187994 0.945677
 -2.180000 0.192828 0.935680
 -2.175000 0.197611 0.925869
 -2.170000 0.202341 0.917028
 -2.165000 0.207042 0.909060
 -2.160000 0.211723 0.902576
 -2.155000 0.216389 0.898325
 -2.150000 0.221045 0.897217
 -2.145000 0.225713 0.899338
 -2.140000 0.230426 0.904261
 -2.135000 0.235155 0.914141
 -2.130000 0.239989 0.925844
 -2.125000 0.244877 0.942446
 -2.120000 0.249785 0.965999
 -2.115000 0.254797 0.993447
 -2.110000 0.259972 1.022761
 -2.105000 0.265314 1.054144
 -2.100000 0.270844 1.087058
 -2.095000 0.276530 1.123102
 -2.090000 0.282409 1.161057
 -2.085000 0.288436 1.202754
 -2.080000 0.294698 1.245249
 -2.075000 0.301124 1.291051
 -2.070000 0.307796 1.337581
 -2.065000 0.314687 1.385762
 -2.060000 0.321848 1.434208
 -2.055000 0.329297 1.482586
 -2.050000 0.337006 1.531719
 -2.045000 0.344977 1.581742
 -2.040000 0.353197 1.632911
 -2.035000 0.361776 1.683108
 -2.030000 0.370762 1.731570
 -2.025000 0.380235 1.777467
 -2.020000 0.390437 1.817242
 -2.015000 0.400086 1.871606
 -2.010000 0.410525 1.920221
 -2.005000 0.421691 1.964848
 -2.000000 0.432217 2.021925
