#! FIELDS q6l.mean uhq6l duhq6l_q6l.mean
#! SET normalisation  5000000.000000
#! SET min_q6l.mean 0.10
#! SET max_q6l.mean 0.45
#! SET nbins_q6l.mean  700
#! SET periodic_q6l.mean false
 0.100000 0.985845 125.283636
 0.100500 1.048520 124.926562
 0.101000 1.110834 123.871600
 0.101500 1.172455 122.154263
 0.102000 1.233072 119.824120
 0.102500 1.292379 116.923142
 0.103000 1.350106 113.508647
 0.103500 1.406007 109.638634
 0.104000 1.459872 105.378060
 0.104500 1.511528 100.796971
 0.105000 1.560833 95.963529
 0.105500 1.607666 90.937785
 0.106000 1.651946 85.782240
 0.106500 1.693631 80.564349
 0.107000 1.732704 75.343485
 0.107500 1.769182 70.179167
 0.108000 1.803105 65.125057
 0.108500 1.834549 60.237898
 0.109000 1.863606 55.563870
 0.109500 1.890395 51.147927
 0.110000 1.915043 47.022769
 0.110500 1.937717 43.231707
 0.111000 1.958586 39.802660
 0.111500 1.977836 36.759529
 0.112000 1.995665 34.122640
 0.112500 2.012292 31.916824
 0.113000 2.027920 30.143009
 0.113500 2.042772 28.809656
 0.114000 2.057068 27.914058
 0.114500 2.071029 27.451174
 0.115000 2.084866 27.409811
 0.115500 2.098782 27.781425
 0.116000 2.112975 28.542942
 0.116500 2.127648 29.690484
 0.117000 2.142987 31.203204
 0.117500 2.159167 33.060919
 0.118000 2.176362 35.255807
 0.118500 2.194727 37.763788
 0.119000 2.214411 40.581457
 0.119500 2.235569 43.690757
 0.120000 2.258346 47.096806
 0.120500 2.282896 50.776158
 0.121000 2.309349 54.729930
 0.121500 2.337843 58.943132
 0.122000 2.368499 63.411164
 0.122500 2.401443 68.113138
 0.123000 2.436781 73.012967
 0.123500 2.474612 78.090210
 0.124000 2.515008 83.280365
 0.124500 2.558031 88.549372
 0.125000 2.603678 93.831283
 0.125500 2.651950 99.052640
 0.126000 2.702782 104.142211
 0.126500 2.756101 108.999989
 0.127000 2.811764 113.535054
 0.127500 2.869589 117.651983
 0.128000 2.929342 121.245141
 0.128500 2.990738 124.218511
 0.129000 3.053441 126.472652
 0.129500 3.117063 127.910448
 0.130000 3.181182 128.452115
 0.130500 3.245324 128.020081
 0.131000 3.308997 126.551190
 0.131500 3.371669 123.994231
 0.132000 3.432785 120.332635
 0.132500 3.491788 115.541166
 0.133000 3.548120 109.630333
 0.133500 3.601215 102.626969
 0.134000 3.650540 94.580409
 0.134500 3.695595 85.565187
 0.135000 3.735915 75.657994
 0.135500 3.771096 64.960456
 0.136000 3.800749 53.584979
 0.136500 3.824567 41.663689
 0.137000 3.842316 29.341454
 0.137500 3.853837 16.750521
 0.138000 3.859029 4.058132
 0.138500 3.857872 -8.571136
 0.139000 3.850451 -20.991725
 0.139500 3.836902 -33.048993
 0.140000 3.817450 -44.597457
 0.140500 3.792381 -55.491106
 0.141000 3.762057 -65.588446
 0.141500 3.726905 -74.770988
 0.142000 3.687416 -82.943062
 0.142500 3.644121 -90.011225
 0.143000 3.597580 -95.897302
 0.143500 3.548406 -100.544137
 0.144000 3.497223 -103.916372
 0.144500 3.444667 -106.006736
 0.145000 3.391374 -106.815203
 0.145500 3.337988 -106.374532
 0.146000 3.285110 -104.739468
 0.146500 3.233337 -101.988650
 0.147000 3.183191 -98.197110
 0.147500 3.135174 -93.474594
 0.148000 3.089728 -87.934857
 0.148500 3.047219 -81.709652
 0.149000 3.007950 -74.920493
 0.149500 2.972175 -67.724690
 0.150000 2.940066 -60.249600
 0.150500 2.911727 -52.635309
 0.151000 2.887200 -45.012087
 0.151500 2.866450 -37.514147
 0.152000 2.849385 -30.259683
 0.152500 2.835864 -23.365723
 0.153000 2.825665 -16.916862
 0.153500 2.818556 -11.001456
 0.154000 2.814245 -5.703243
 0.154500 2.812409 -1.076087
 0.155000 2.812708 2.816405
 0.155500 2.814766 5.947930
 0.156000 2.818204 8.296392
 0.156500 2.822620 9.866174
 0.157000 2.827632 10.658446
 0.157500 2.832856 10.697007
 0.158000 2.837914 10.010019
 0.158500 2.842454 8.642301
 0.159000 2.846145 6.650368
 0.159500 2.848709 4.095104
 0.160000 2.849865 1.063134
 0.160500 2.849419 -2.373597
 0.161000 2.847168 -6.108460
 0.161500 2.843011 -10.055787
 0.162000 2.836858 -14.111041
 0.162500 2.828686 -18.169579
 0.163000 2.818517 -22.128958
 0.163500 2.806426 -25.891579
 0.164000 2.792518 -29.372061
 0.164500 2.776972 -32.481924
 0.165000 2.759971 -35.155805
 0.165500 2.741753 -37.336081
 0.166000 2.722585 -38.983273
 0.166500 2.702734 -40.056915
 0.167000 2.682501 -40.547015
 0.167500 2.662164 -40.451103
 0.168000 2.642022 -39.788547
 0.168500 2.622345 -38.577970
 0.169000 2.603409 -36.868564
 0.169500 2.585439 -34.705703
 0.170000 2.568661 -32.150720
 0.170500 2.553245 -29.264833
 0.171000 2.539339 -26.106117
 0.171500 2.527061 -22.753861
 0.172000 2.516473 -19.279636
 0.172500 2.507640 -15.770600
 0.173000 2.500558 -12.290676
 0.173500 2.495188 -8.909551
 0.174000 2.491479 -5.692806
 0.174500 2.489328 -2.693619
 0.175000 2.488605 0.030390
 0.175500 2.489159 2.431561
 0.176000 2.490820 4.462927
 0.176500 2.493398 6.091946
 0.177000 2.496684 7.294187
 0.177500 2.500448 8.056895
 0.178000 2.504474 8.369942
 0.178500 2.508544 8.238073
 0.179000 2.512445 7.682279
 0.179500 2.515959 6.714666
 0.180000 2.518893 5.381661
 0.180500 2.521081 3.726353
 0.181000 2.522374 1.792905
 0.181500 2.522646 -0.362487
 0.182000 2.521789 -2.681471
 0.182500 2.519741 -5.118338
 0.183000 2.516457 -7.614041
 0.183500 2.511919 -10.118550
 0.184000 2.506143 -12.582294
 0.184500 2.499144 -14.971352
 0.185000 2.490981 -17.261581
 0.185500 2.481711 -19.423502
 0.186000 2.471405 -21.452975
 0.186500 2.460118 -23.336505
 0.187000 2.447921 -25.083329
 0.187500 2.434878 -26.699012
 0.188000 2.421054 -28.213659
 0.188500 2.406492 -29.645785
 0.189000 2.391231 -31.019153
 0.189500 2.375289 -32.361039
 0.190000 2.358673 -33.687657
 0.190500 2.341396 -35.033472
 0.191000 2.323443 -36.407153
 0.191500 2.304795 -37.836300
 0.192000 2.285420 -39.325000
 0.192500 2.265285 -40.879202
 0.193000 2.244356 -42.496371
 0.193500 2.222600 -44.176436
 0.194000 2.199980 -45.914791
 0.194500 2.176481 -47.702482
 0.195000 2.152080 -49.524365
 0.195500 2.126772 -51.357933
 0.196000 2.100547 -53.177858
 0.196500 2.073417 -54.965248
 0.197000 2.045410 -56.684916
 0.197500 2.016570 -58.313851
 0.198000 1.986943 -59.812468
 0.198500 1.956606 -61.155170
 0.199000 1.925644 -62.301500
 0.199500 1.894157 -63.219342
 0.200000 1.862274 -63.875750
 0.200500 1.830145 -64.241299
 0.201000 1.797920 -64.264946
 0.201500 1.765779 -63.932673
 0.202000 1.733913 -63.207340
 0.202500 1.702524 -62.059673
 0.203000 1.671824 -60.465772
 0.203500 1.642035 -58.412347
 0.204000 1.613395 -55.892341
 0.204500 1.586136 -52.900493
 0.205000 1.560488 -49.439710
 0.205500 1.536696 -45.514006
 0.206000 1.514979 -41.146516
 0.206500 1.495555 -36.350713
 0.207000 1.478635 -31.156462
 0.207500 1.464402 -25.589892
 0.208000 1.453035 -19.689378
 0.208500 1.444704 -13.493452
 0.209000 1.439539 -7.041088
 0.209500 1.437652 -0.373946
 0.210000 1.439147 6.460450
 0.210500 1.444087 13.421770
 0.211000 1.452525 20.464240
 0.211500 1.464496 27.532627
 0.212000 1.479997 34.575522
 0.212500 1.498995 41.530909
 0.213000 1.521435 48.346404
 0.213500 1.547236 54.962989
 0.214000 1.576285 61.313476
 0.214500 1.608436 67.337660
 0.215000 1.643506 72.975757
 0.215500 1.681274 78.160169
 0.216000 1.721520 82.819678
 0.216500 1.763951 86.897013
 0.217000 1.808253 90.334560
 0.217500 1.854102 93.072941
 0.218000 1.901132 95.061803
 0.218500 1.948963 96.253836
 0.219000 1.997188 96.614540
 0.219500 2.045388 96.126659
 0.220000 2.093135 94.777427
 0.220500 2.139997 92.580116
 0.221000 2.185556 89.535602
 0.221500 2.229398 85.685657
 0.222000 2.271117 81.071656
 0.222500 2.310345 75.744950
 0.223000 2.346754 69.781093
 0.223500 2.380041 63.257335
 0.224000 2.409949 56.271698
 0.224500 2.436281 48.923639
 0.225000 2.458875 41.320841
 0.225500 2.477634 33.580281
 0.226000 2.492519 25.814517
 0.226500 2.503534 18.140111
 0.227000 2.510759 10.671923
 0.227500 2.514319 3.524523
 0.228000 2.514414 -3.202132
 0.228500 2.511269 -9.412068
 0.229000 2.505167 -15.018038
 0.229500 2.496422 -19.947798
 0.230000 2.485397 -24.138997
 0.230500 2.472476 -27.551626
 0.231000 2.458055 -30.146925
 0.231500 2.442539 -31.916094
 0.232000 2.426345 -32.851961
 0.232500 2.409879 -32.981877
 0.233000 2.393549 -32.334260
 0.233500 2.377718 -30.950290
 0.234000 2.362750 -28.891729
 0.234500 2.348960 -26.226091
 0.235000 2.336633 -23.037099
 0.235500 2.326013 -19.402996
 0.236000 2.317299 -15.423753
 0.236500 2.310638 -11.190793
 0.237000 2.306132 -6.793304
 0.237500 2.303833 -2.319972
 0.238000 2.303773 2.132086
 0.238500 2.305903 6.479523
 0.239000 2.310151 10.644298
 0.239500 2.316414 14.558014
 0.240000 2.324562 18.157612
 0.240500 2.334411 21.387416
 0.241000 2.345777 24.208633
 0.241500 2.358440 26.583405
 0.242000 2.372162 28.495313
 0.242500 2.386722 29.921495
 0.243000 2.401866 30.860855
 0.243500 2.417356 31.317060
 0.244000 2.432951 31.294079
 0.244500 2.448425 30.816266
 0.245000 2.463546 29.906313
 0.245500 2.478114 28.592153
 0.246000 2.491931 26.901193
 0.246500 2.504815 24.869930
 0.247000 2.516609 22.536490
 0.247500 2.527170 19.947546
 0.248000 2.536382 17.141963
 0.248500 2.544137 14.154092
 0.249000 2.550374 11.023048
 0.249500 2.555023 7.796015
 0.250000 2.558042 4.514473
 0.250500 2.559428 1.221612
 0.251000 2.559168 -2.047146
 0.251500 2.557283 -5.253504
 0.252000 2.553826 -8.363745
 0.252500 2.548843 -11.338308
 0.253000 2.542420 -14.147348
 0.253500 2.534643 -16.766419
 0.254000 2.525610 -19.164481
 0.254500 2.515434 -21.330460
 0.255000 2.504240 -23.246511
 0.255500 2.492154 -24.905278
 0.256000 2.479304 -26.297504
 0.256500 2.465824 -27.428878
 0.257000 2.451840 -28.296665
 0.257500 2.437484 -28.923148
 0.258000 2.422869 -29.314096
 0.258500 2.408115 -29.495316
 0.259000 2.393333 -29.479603
 0.259500 2.378608 -29.278911
 0.260000 2.364029 -28.917765
 0.260500 2.349660 -28.415331
 0.261000 2.335563 -27.789253
 0.261500 2.321811 -27.052032
 0.262000 2.308449 -26.210857
 0.262500 2.295529 -25.275906
 0.263000 2.283102 -24.254174
 0.263500 2.271216 -23.131510
 0.264000 2.259921 -21.900242
 0.264500 2.249274 -20.543277
 0.265000 2.239340 -19.051007
 0.265500 2.230186 -17.408876
 0.266000 2.221898 -15.600070
 0.266500 2.214558 -13.599176
 0.267000 2.208268 -11.392426
 0.267500 2.203141 -8.957797
 0.268000 2.199290 -6.293679
 0.268500 2.196825 -3.389553
 0.269000 2.195882 -0.248201
 0.269500 2.196567 3.133392
 0.270000 2.199006 6.742459
 0.270500 2.203299 10.560057
 0.271000 2.209544 14.560518
 0.271500 2.217826 18.706951
 0.272000 2.228201 22.967418
 0.272500 2.240731 27.294508
 0.273000 2.255433 31.640084
 0.273500 2.272304 35.958983
 0.274000 2.291320 40.200057
 0.274500 2.312420 44.306617
 0.275000 2.335528 48.213863
 0.275500 2.360530 51.871890
 0.276000 2.387291 55.237507
 0.276500 2.415641 58.260480
 0.277000 2.445408 60.884720
 0.277500 2.476377 63.076127
 0.278000 2.508326 64.791318
 0.278500 2.541005 65.993617
 0.279000 2.574153 66.659184
 0.279500 2.607491 66.758970
 0.280000 2.640742 66.286864
 0.280500 2.673608 65.218271
 0.281000 2.705786 63.558926
 0.281500 2.736989 61.306884
 0.282000 2.766916 58.472669
 0.282500 2.795283 55.063540
 0.283000 2.821814 51.108189
 0.283500 2.846235 46.635246
 0.284000 2.868293 41.685927
 0.284500 2.887769 36.309516
 0.285000 2.904463 30.548496
 0.285500 2.918192 24.471733
 0.286000 2.928821 18.148250
 0.286500 2.936243 11.650516
 0.287000 2.940382 5.062338
 0.287500 2.941230 -1.542673
 0.288000 2.938795 -8.077564
 0.288500 2.933132 -14.449304
 0.289000 2.924343 -20.580409
 0.289500 2.912565 -26.383922
 0.290000 2.897981 -31.790848
 0.290500 2.880810 -36.730083
 0.291000 2.861301 -41.149509
 0.291500 2.839720 -44.996142
 0.292000 2.816365 -48.234919
 0.292500 2.791552 -50.833183
 0.293000 2.765603 -52.780814
 0.293500 2.738846 -54.066119
 0.294000 2.711614 -54.702815
 0.294500 2.684224 -54.703700
 0.295000 2.656994 -54.091719
 0.295500 2.630210 -52.892515
 0.296000 2.604156 -51.147377
 0.296500 2.579101 -48.896288
 0.297000 2.555295 -46.188770
 0.297500 2.532953 -43.066663
 0.298000 2.512271 -39.560538
 0.298500 2.493425 -35.719035
 0.299000 2.476579 -31.580434
 0.299500 2.461874 -27.178859
 0.300000 2.449421 -22.541650
 0.300500 2.439344 -17.691814
 0.301000 2.431733 -12.657020
 0.301500 2.426683 -7.463132
 0.302000 2.424266 -2.134506
 0.302500 2.424552 3.320294
 0.303000 2.427594 8.885184
 0.303500 2.433446 14.547093
 0.304000 2.442143 20.293277
 0.304500 2.453731 26.101698
 0.305000 2.468240 31.957899
 0.305500 2.485681 37.848194
 0.306000 2.506067 43.751538
 0.306500 2.529398 49.650418
 0.307000 2.555678 55.519230
 0.307500 2.584881 61.335256
 0.308000 2.616983 67.071982
 0.308500 2.651930 72.698234
 0.309000 2.689655 78.187768
 0.309500 2.730088 83.505478
 0.310000 2.773136 88.622101
 0.310500 2.818673 93.492036
 0.311000 2.866576 98.069085
 0.311500 2.916689 102.305335
 0.312000 2.968831 106.164539
 0.312500 3.022801 109.608151
 0.313000 3.078389 112.590375
 0.313500 3.135341 115.062767
 0.314000 3.193393 116.984947
 0.314500 3.252258 118.317947
 0.315000 3.311636 119.022942
 0.315500 3.371202 119.074022
 0.316000 3.430636 118.448128
 0.316500 3.489572 117.135832
 0.317000 3.547680 115.114285
 0.317500 3.604601 112.393953
 0.318000 3.659987 108.987459
 0.318500 3.713504 104.917189
 0.319000 3.764832 100.211413
 0.319500 3.813658 94.921243
 0.320000 3.859706 89.087280
 0.320500 3.902713 82.768553
 0.321000 3.942437 76.030387
 0.321500 3.978709 68.947886
 0.322000 4.011379 61.604160
 0.322500 4.040332 54.084850
 0.323000 4.065497 46.469099
 0.323500 4.086855 38.842739
 0.324000 4.104409 31.287961
 0.324500 4.118224 23.887713
 0.325000 4.128392 16.723066
 0.325500 4.135055 9.861956
 0.326000 4.138373 3.371574
 0.326500 4.138546 -2.694862
 0.327000 4.135803 -8.276823
 0.327500 4.130399 -13.335126
 0.328000 4.122603 -17.834599
 0.328500 4.112711 -21.740128
 0.329000 4.101011 -25.027651
 0.329500 4.087829 -27.682988
 0.330000 4.073472 -29.692903
 0.330500 4.058266 -31.060270
 0.331000 4.042535 -31.786288
 0.331500 4.026590 -31.882029
 0.332000 4.010747 -31.365039
 0.332500 3.995310 -30.257754
 0.333000 3.980565 -28.582031
 0.333500 3.966780 -26.382545
 0.334000 3.954217 -23.695185
 0.334500 3.943092 -20.566840
 0.335000 3.933623 -17.059179
 0.335500 3.925997 -13.216676
 0.336000 3.920347 -9.114887
 0.336500 3.916798 -4.823683
 0.337000 3.915419 -0.401817
 0.337500 3.916256 4.060062
 0.338000 3.919318 8.489197
 0.338500 3.924568 12.798675
 0.339000 3.931915 16.913401
 0.339500 3.941258 20.761864
 0.340000 3.952433 24.263488
 0.340500 3.965250 27.344026
 0.341000 3.979492 29.950707
 0.341500 3.994910 32.032208
 0.342000 4.011223 33.541281
 0.342500 4.028143 34.447171
 0.343000 4.045367 34.735681
 0.343500 4.062581 34.404782
 0.344000 4.079473 33.458828
 0.344500 4.095741 31.917823
 0.345000 4.111102 29.814041
 0.345500 4.125277 27.189224
 0.346000 4.138029 24.107761
 0.346500 4.149127 20.631734
 0.347000 4.158412 16.826460
 0.347500 4.165736 12.773595
 0.348000 4.170990 8.549953
 0.348500 4.174113 4.250040
 0.349000 4.175075 -0.045266
 0.349500 4.173900 -4.248910
 0.350000 4.170676 -8.286515
 0.350500 4.165493 -12.088555
 0.351000 4.158479 -15.594716
 0.351500 4.149803 -18.750291
 0.352000 4.139648 -21.510537
 0.352500 4.128207 -23.845018
 0.353000 4.115713 -25.738448
 0.353500 4.102395 -27.181181
 0.354000 4.088467 -28.177500
 0.354500 4.074154 -28.742480
 0.355000 4.059654 -28.899679
 0.355500 4.045170 -28.685706
 0.356000 4.030872 -28.140325
 0.356500 4.016915 -27.319851
 0.357000 4.003428 -26.282201
 0.357500 3.990515 -25.082858
 0.358000 3.978228 -23.767930
 0.358500 3.966607 -22.388165
 0.359000 3.955674 -20.998265
 0.359500 3.945424 -19.651921
 0.360000 3.935828 -18.383563
 0.360500 3.926845 -17.232466
 0.361000 3.918396 -16.226286
 0.361500 3.910401 -15.387911
 0.362000 3.902779 -14.728607
 0.362500 3.895438 -14.257986
 0.363000 3.888289 -13.980711
 0.363500 3.881228 -13.880476
 0.364000 3.874180 -13.942883
 0.364500 3.867067 -14.152662
 0.365000 3.859810 -14.484728
 0.365500 3.852368 -14.916363
 0.366000 3.844691 -15.410636
 0.366500 3.836759 -15.941118
 0.367000 3.828563 -16.474331
 0.367500 3.820115 -16.971036
 0.368000 3.811424 -17.415610
 0.368500 3.802541 -17.760542
 0.369000 3.793513 -17.979779
 0.369500 3.784415 -18.037664
 0.370000 3.775344 -17.916442
 0.370500 3.766387 -17.578916
 0.371000 3.757662 -17.013514
 0.371500 3.749286 -16.196151
 0.372000 3.741378 -15.093205
 0.372500 3.734109 -13.705868
 0.373000 3.727609 -12.016447
 0.373500 3.722025 -10.017615
 0.374000 3.717516 -7.719600
 0.374500 3.714235 -5.112681
 0.375000 3.712327 -2.221609
 0.375500 3.711940 0.934042
 0.376000 3.713179 4.334651
 0.376500 3.716174 7.933777
 0.377000 3.721014 11.689380
 0.377500 3.727768 15.568030
 0.378000 3.736472 19.507736
 0.378500 3.747150 23.440315
 0.379000 3.759777 27.307215
 0.379500 3.774305 31.045170
 0.380000 3.790654 34.585897
 0.380500 3.808701 37.854988
 0.381000 3.828303 40.790558
 0.381500 3.849273 43.334136
 0.382000 3.871403 45.420601
 0.382500 3.894446 47.014636
 0.383000 3.918154 48.063493
 0.383500 3.942244 48.543557
 0.384000 3.966430 48.439519
 0.384500 3.990424 47.734805
 0.385000 4.013917 46.441516
 0.385500 4.036621 44.561000
 0.386000 4.058242 42.128424
 0.386500 4.078500 39.179923
 0.387000 4.097163 35.754535
 0.387500 4.114006 31.893290
 0.388000 4.128823 27.662146
 0.388500 4.141450 23.123553
 0.389000 4.151746 18.330517
 0.389500 4.159601 13.357444
 0.390000 4.164930 8.271511
 0.390500 4.167699 3.127858
 0.391000 4.167888 -2.010668
 0.391500 4.165529 -7.081659
 0.392000 4.160656 -12.034732
 0.392500 4.153348 -16.816733
 0.393000 4.143706 -21.385418
 0.393500 4.131837 -25.711375
 0.394000 4.117875 -29.751593
 0.394500 4.101976 -33.481319
 0.395000 4.084298 -36.877541
 0.395500 4.065006 -39.927185
 0.396000 4.044284 -42.618973
 0.396500 4.022297 -44.947039
 0.397000 3.999229 -46.913631
 0.397500 3.975266 -48.532547
 0.398000 3.950569 -49.823063
 0.398500 3.925304 -50.791019
 0.399000 3.899624 -51.464952
 0.399500 3.873679 -51.865792
 0.400000 3.847590 -52.025356
 0.400500 3.821470 -51.966453
 0.401000 3.795415 -51.730639
 0.401500 3.769518 -51.347777
 0.402000 3.743836 -50.849630
 0.402500 3.718419 -50.266010
 0.403000 3.693305 -49.629073
 0.403500 3.668514 -48.965188
 0.404000 3.644046 -48.299415
 0.404500 3.619913 -47.674114
 0.405000 3.596075 -47.089754
 0.405500 3.572513 -46.583583
 0.406000 3.549172 -46.167014
 0.406500 3.526010 -45.862673
 0.407000 3.502963 -45.685676
 0.407500 3.479971 -45.659059
 0.408000 3.456956 -45.792493
 0.408500 3.433825 -46.095250
 0.409000 3.410496 -46.570262
 0.409500 3.386884 -47.225328
 0.410000 3.362900 -48.061512
 0.410500 3.338462 -49.072092
 0.411000 3.313468 -50.237172
 0.411500 3.287854 -51.550816
 0.412000 3.261557 -52.977909
 0.412500 3.234530 -54.495328
 0.413000 3.206736 -56.064229
 0.413500 3.178147 -57.651887
 0.414000 3.148765 -59.202824
 0.414500 3.118629 -60.685473
 0.415000 3.087783 -62.057843
 0.415500 3.056286 -63.282352
 0.416000 3.024226 -64.317592
 0.416500 2.991693 -65.139575
 0.417000 2.958812 -65.734529
 0.417500 2.925694 -66.080708
 0.418000 2.892464 -66.174963
 0.418500 2.859255 -66.026518
 0.419000 2.826180 -65.641078
 0.419500 2.793351 -65.043586
 0.420000 2.760873 -64.252425
 0.420500 2.728832 -63.287135
 0.421000 2.697307 -62.188128
 0.421500 2.666356 -60.984080
 0.422000 2.636026 -59.715906
 0.422500 2.606349 -58.400183
 0.423000 2.577340 -57.066403
 0.423500 2.548993 -55.733282
 0.424000 2.521313 -54.424227
 0.424500 2.494280 -53.149119
 0.425000 2.467861 -51.923935
 0.425500 2.442046 -50.765361
 0.426000 2.416791 -49.677468
 0.426500 2.392054 -48.678161
 0.427000 2.367796 -47.773408
 0.427500 2.343974 -46.970595
 0.428000 2.320517 -46.269396
 0.428500 2.297383 -45.687135
 0.429000 2.274502 -45.224669
 0.429500 2.251815 -44.886489
 0.430000 2.229266 -44.687293
 0.430500 2.206778 -44.619617
 0.431000 2.184286 -44.683634
 0.431500 2.161724 -44.877629
 0.432000 2.139034 -45.201926
 0.432500 2.116141 -45.650656
 0.433000 2.092995 -46.222043
 0.433500 2.069531 -46.912885
 0.434000 2.045696 -47.717864
 0.434500 2.021438 -48.641756
 0.435000 1.996686 -49.680011
 0.435500 1.971390 -50.842847
 0.436000 1.945475 -52.133294
 0.436500 1.918886 -53.570666
 0.437000 1.891539 -55.165582
 0.437500 1.863357 -56.942250
 0.438000 1.834240 -58.910728
 0.438500 1.804090 -61.091191
 0.439000 1.772796 -63.495792
 0.439500 1.740242 -66.131691
 0.440000 1.706309 -69.000943
 0.440500 1.670885 -72.099757
 0.441000 1.633859 -75.413335
 0.441500 1.595124 -78.912044
 0.442000 1.554601 -82.565186
 0.442500 1.512226 -86.327369
 0.443000 1.467955 -90.141416
 0.443500 1.421780 -93.943407
 0.444000 1.373724 -97.664365
 0.444500 1.323845 -101.227984
 0.445000 1.272247 -104.560635
 0.445500 1.219057 -107.579201
 0.446000 1.164454 -110.211894
 0.446500 1.108647 -112.389806
 0.447000 1.051877 -114.049079
 0.447500 0.994422 -115.141880
 0.448000 0.936575 -115.626273
 0.448500 0.878640 -115.467028
 0.449000 0.820946 -114.652430
 0.449500 0.763821 -113.182195
 0.450000 0.707601 -111.075037
