#! FIELDS sp uhsp duhsp_sp
#! SET normalisation  5000000.000000
#! SET min_sp -4.5
#! SET max_sp -2.0
#! SET nbins_sp  500
#! SET periodic_sp false
 -4.500000 0.069837 0.221206
 -4.495000 0.068632 0.218643
 -4.490000 0.069719 0.216101
 -4.485000 0.070794 0.213068
 -4.480000 0.071853 0.209707
 -4.475000 0.072895 0.206002
 -4.470000 0.073917 0.201960
 -4.465000 0.074918 0.197554
 -4.460000 0.075896 0.192796
 -4.455000 0.076850 0.187704
 -4.450000 0.077777 0.182268
 -4.445000 0.078676 0.176533
 -4.440000 0.079545 0.170536
 -4.435000 0.080384 0.164283
 -4.430000 0.081192 0.157876
 -4.425000 0.081967 0.151338
 -4.420000 0.082709 0.144731
 -4.415000 0.083417 0.138122
 -4.410000 0.084093 0.131576
 -4.405000 0.084736 0.125178
 -4.400000 0.085348 0.119006
 -4.395000 0.085930 0.113140
 -4.390000 0.086483 0.107630
 -4.385000 0.087009 0.102554
 -4.380000 0.087511 0.097946
 -4.375000 0.087991 0.093868
 -4.370000 0.088453 0.090343
 -4.365000 0.088898 0.087439
 -4.360000 0.089330 0.085149
 -4.355000 0.089752 0.083426
 -4.350000 0.090167 0.082279
 -4.345000 0.090578 0.081687
 -4.340000 0.090987 0.081621
 -4.335000 0.091397 0.082036
 -4.330000 0.091810 0.082836
 -4.325000 0.092228 0.083995
 -4.320000 0.092652 0.085441
 -4.315000 0.093084 0.087142
 -4.310000 0.093525 0.089030
 -4.305000 0.093976 0.091023
 -4.300000 0.094437 0.093123
 -4.295000 0.094910 0.095294
 -4.290000 0.095392 0.097477
 -4.285000 0.095886 0.099687
 -4.280000 0.096391 0.101908
 -4.275000 0.096908 0.104138
 -4.270000 0.097435 0.106424
 -4.265000 0.097974 0.108766
 -4.260000 0.098525 0.111227
 -4.255000 0.099089 0.113845
 -4.250000 0.099666 0.116678
 -4.245000 0.100258 0.119759
 -4.240000 0.100867 0.123207
 -4.235000 0.101494 0.127039
 -4.230000 0.102142 0.131365
 -4.225000 0.102813 0.136274
 -4.220000 0.103510 0.141786
 -4.215000 0.104235 0.147937
 -4.210000 0.104994 0.154802
 -4.205000 0.105789 0.162410
 -4.200000 0.106624 0.170779
 -4.195000 0.107502 0.179885
 -4.190000 0.108428 0.189808
 -4.185000 0.109405 0.200445
 -4.180000 0.110437 0.211808
 -4.175000 0.111529 0.223888
 -4.170000 0.112682 0.236638
 -4.165000 0.113901 0.249960
 -4.160000 0.115188 0.263803
 -4.155000 0.116545 0.278105
 -4.150000 0.117975 0.292747
 -4.145000 0.119479 0.307613
 -4.140000 0.121057 0.322585
 -4.135000 0.122710 0.337547
 -4.130000 0.124438 0.352336
 -4.125000 0.126240 0.366842
 -4.120000 0.128113 0.380920
 -4.115000 0.130055 0.394374
 -4.110000 0.132062 0.407079
 -4.105000 0.134131 0.418888
 -4.100000 0.136257 0.429679
 -4.095000 0.138434 0.439371
 -4.090000 0.140657 0.447920
 -4.085000 0.142920 0.455221
 -4.080000 0.145216 0.461253
 -4.075000 0.147538 0.466029
 -4.070000 0.149882 0.469578
 -4.065000 0.152239 0.471983
 -4.060000 0.154607 0.473364
 -4.055000 0.156979 0.473826
 -4.050000 0.159352 0.473550
 -4.045000 0.161721 0.472713
 -4.040000 0.164087 0.471542
 -4.035000 0.166445 0.470198
 -4.030000 0.168797 0.468910
 -4.025000 0.171143 0.467785
 -4.020000 0.173485 0.466989
 -4.015000 0.175823 0.466581
 -4.010000 0.178161 0.466699
 -4.005000 0.180501 0.467345
 -4.000000 0.182845 0.468523
 -3.995000 0.185196 0.470146
 -3.990000 0.187556 0.472069
 -3.985000 0.189927 0.474208
 -3.980000 0.192309 0.476412
 -3.975000 0.194701 0.478525
 -3.970000 0.197104 0.480408
 -3.965000 0.199515 0.481792
 -3.960000 0.201932 0.482621
 -3.955000 0.204352 0.482810
 -3.950000 0.206771 0.482327
 -3.945000 0.209186 0.481086
 -3.940000 0.211592 0.479149
 -3.935000 0.213987 0.476601
 -3.930000 0.216368 0.473580
 -3.925000 0.218733 0.470172
 -3.920000 0.221081 0.466611
 -3.915000 0.223410 0.463148
 -3.910000 0.225723 0.460015
 -3.905000 0.228022 0.457397
 -3.900000 0.230309 0.455481
 -3.895000 0.232589 0.454524
 -3.890000 0.234867 0.454674
 -3.885000 0.237148 0.456054
 -3.880000 0.239440 0.458707
 -3.875000 0.241747 0.462658
 -3.870000 0.244077 0.467872
 -3.865000 0.246436 0.474276
 -3.860000 0.248830 0.481770
 -3.855000 0.251264 0.490146
 -3.850000 0.253741 0.499179
 -3.845000 0.256265 0.508722
 -3.840000 0.258838 0.518465
 -3.835000 0.261459 0.528204
 -3.830000 0.264129 0.537605
 -3.825000 0.266844 0.546457
 -3.820000 0.269603 0.554582
 -3.815000 0.272399 0.561743
 -3.810000 0.275229 0.567860
 -3.805000 0.278086 0.572751
 -3.800000 0.280965 0.576291
 -3.795000 0.283857 0.578528
 -3.790000 0.286758 0.579503
 -3.785000 0.289660 0.579243
 -3.780000 0.292559 0.577935
 -3.775000 0.295449 0.575695
 -3.770000 0.298326 0.572765
 -3.765000 0.301187 0.569367
 -3.760000 0.304031 0.565807
 -3.755000 0.306857 0.562343
 -3.750000 0.309667 0.559234
 -3.745000 0.312462 0.556719
 -3.740000 0.315247 0.555080
 -3.735000 0.318026 0.554587
 -3.730000 0.320806 0.555416
 -3.725000 0.323593 0.557739
 -3.720000 0.326395 0.561650
 -3.715000 0.329222 0.567247
 -3.710000 0.332081 0.574567
 -3.705000 0.334982 0.583627
 -3.700000 0.337933 0.594288
 -3.695000 0.340940 0.606521
 -3.690000 0.344012 0.620094
 -3.685000 0.347155 0.634865
 -3.680000 0.350374 0.650605
 -3.675000 0.353674 0.667117
 -3.670000 0.357058 0.684088
 -3.665000 0.360526 0.701228
 -3.660000 0.364079 0.718254
 -3.655000 0.367718 0.734952
 -3.650000 0.371438 0.750996
 -3.645000 0.375237 0.766192
 -3.640000 0.379109 0.780238
 -3.635000 0.383048 0.792929
 -3.630000 0.387047 0.804018
 -3.625000 0.391097 0.813301
 -3.620000 0.395189 0.820640
 -3.615000 0.399312 0.825900
 -3.610000 0.403456 0.828974
 -3.605000 0.407610 0.829839
 -3.600000 0.411762 0.828364
 -3.595000 0.415901 0.824687
 -3.590000 0.420017 0.818977
 -3.585000 0.424099 0.811366
 -3.580000 0.428138 0.802023
 -3.575000 0.432128 0.791308
 -3.570000 0.436062 0.779481
 -3.565000 0.439934 0.766937
 -3.560000 0.443742 0.754085
 -3.555000 0.447488 0.741407
 -3.550000 0.451171 0.729313
 -3.545000 0.454796 0.718229
 -3.540000 0.458368 0.708577
 -3.535000 0.461898 0.700715
 -3.530000 0.465394 0.695125
 -3.525000 0.468867 0.691978
 -3.520000 0.472332 0.691575
 -3.515000 0.475803 0.694041
 -3.510000 0.479294 0.699494
 -3.505000 0.482820 0.707976
 -3.500000 0.486395 0.719354
 -3.495000 0.490033 0.733490
 -3.490000 0.493749 0.750133
 -3.485000 0.497554 0.769103
 -3.480000 0.501458 0.789985
 -3.475000 0.505471 0.812378
 -3.470000 0.509598 0.835991
 -3.465000 0.513846 0.860307
 -3.460000 0.518217 0.884972
 -3.455000 0.522711 0.909604
 -3.450000 0.527327 0.933812
 -3.445000 0.532061 0.957274
 -3.440000 0.536910 0.979703
 -3.435000 0.541870 1.000856
 -3.430000 0.546932 1.020640
 -3.425000 0.552088 1.038832
 -3.420000 0.557331 1.055282
 -3.415000 0.562651 1.070037
 -3.410000 0.568041 1.082942
 -3.405000 0.573490 1.094006
 -3.400000 0.578988 1.103085
 -3.395000 0.584527 1.110275
 -3.390000 0.590097 1.115513
 -3.385000 0.595687 1.118798
 -3.380000 0.601289 1.119977
 -3.375000 0.606892 1.119129
 -3.370000 0.612485 1.116271
 -3.365000 0.618058 1.111348
 -3.360000 0.623602 1.104308
 -3.355000 0.629106 1.095302
 -3.350000 0.634559 1.084358
 -3.345000 0.639953 1.071500
 -3.340000 0.645278 1.056911
 -3.335000 0.650526 1.040540
 -3.330000 0.655688 1.022529
 -3.325000 0.660755 1.002897
 -3.320000 0.665720 0.981852
 -3.315000 0.670576 0.959406
 -3.310000 0.675317 0.935737
 -3.305000 0.679936 0.910928
 -3.300000 0.684429 0.884967
 -3.295000 0.688790 0.858028
 -3.290000 0.693013 0.830248
 -3.285000 0.697094 0.801620
 -3.280000 0.701030 0.772295
 -3.275000 0.704818 0.742345
 -3.270000 0.708455 0.711893
 -3.265000 0.711938 0.681060
 -3.260000 0.715266 0.650008
 -3.255000 0.718439 0.618908
 -3.250000 0.721454 0.587786
 -3.245000 0.724313 0.556854
 -3.240000 0.727019 0.526314
 -3.235000 0.729573 0.496285
 -3.230000 0.731980 0.467083
 -3.225000 0.734243 0.438859
 -3.220000 0.736367 0.411691
 -3.215000 0.738357 0.385635
 -3.210000 0.740218 0.360820
 -3.205000 0.741958 0.337226
 -3.200000 0.743584 0.314841
 -3.195000 0.745099 0.293734
 -3.190000 0.746512 0.273893
 -3.185000 0.747827 0.255103
 -3.180000 0.749051 0.237295
 -3.175000 0.750189 0.220496
 -3.170000 0.751244 0.204563
 -3.165000 0.752221 0.189505
 -3.160000 0.753124 0.175015
 -3.155000 0.753957 0.161211
 -3.150000 0.754721 0.147932
 -3.145000 0.755419 0.135158
 -3.140000 0.756053 0.122755
 -3.135000 0.756627 0.110624
 -3.130000 0.757139 0.098669
 -3.125000 0.757593 0.086826
 -3.120000 0.757986 0.075120
 -3.115000 0.758320 0.063231
 -3.110000 0.758594 0.051149
 -3.105000 0.758806 0.038803
 -3.100000 0.758955 0.026023
 -3.095000 0.759039 0.012746
 -3.090000 0.759053 -0.001180
 -3.085000 0.758996 -0.015762
 -3.080000 0.758865 -0.031098
 -3.075000 0.758655 -0.047069
 -3.070000 0.758362 -0.063637
 -3.065000 0.757985 -0.080660
 -3.060000 0.757521 -0.098231
 -3.055000 0.756968 -0.116285
 -3.050000 0.756323 -0.134582
 -3.045000 0.755586 -0.153073
 -3.040000 0.754755 -0.171740
 -3.035000 0.753830 -0.190688
 -3.030000 0.752810 -0.209751
 -3.025000 0.751693 -0.229003
 -3.020000 0.750479 -0.248582
 -3.015000 0.749167 -0.268623
 -3.010000 0.747751 -0.289293
 -3.005000 0.746230 -0.310732
 -3.000000 0.744601 -0.333077
 -2.995000 0.742856 -0.356622
 -2.990000 0.740991 -0.381405
 -2.985000 0.738996 -0.407599
 -2.980000 0.736867 -0.435316
 -2.975000 0.734594 -0.464465
 -2.970000 0.732171 -0.495233
 -2.965000 0.729590 -0.527486
 -2.960000 0.726845 -0.561231
 -2.955000 0.723927 -0.596205
 -2.950000 0.720833 -0.632348
 -2.945000 0.717555 -0.669242
 -2.940000 0.714091 -0.706768
 -2.935000 0.710439 -0.744684
 -2.930000 0.706596 -0.782707
 -2.925000 0.702565 -0.820475
 -2.920000 0.698346 -0.857813
 -2.915000 0.693942 -0.894301
 -2.910000 0.689358 -0.929742
 -2.905000 0.684600 -0.963734
 -2.900000 0.679675 -0.996013
 -2.895000 0.674594 -1.026169
 -2.890000 0.669367 -1.053885
 -2.885000 0.664011 -1.078925
 -2.880000 0.658538 -1.100930
 -2.875000 0.652962 -1.119394
 -2.870000 0.647305 -1.134058
 -2.865000 0.641584 -1.144387
 -2.860000 0.635824 -1.150110
 -2.855000 0.630047 -1.151011
 -2.850000 0.624279 -1.146820
 -2.845000 0.618547 -1.137195
 -2.840000 0.612878 -1.121926
 -2.835000 0.607300 -1.100901
 -2.830000 0.601844 -1.073898
 -2.825000 0.596538 -1.040865
 -2.820000 0.591413 -1.001871
 -2.815000 0.586498 -0.957006
 -2.810000 0.581822 -0.906210
 -2.805000 0.577415 -0.849812
 -2.800000 0.573303 -0.787892
 -2.795000 0.569516 -0.720762
 -2.790000 0.566076 -0.648549
 -2.785000 0.563010 -0.571691
 -2.780000 0.560341 -0.490321
 -2.775000 0.558090 -0.404809
 -2.770000 0.556277 -0.315385
 -2.765000 0.554921 -0.222435
 -2.760000 0.554039 -0.126172
 -2.755000 0.553647 -0.026935
 -2.750000 0.553758 0.074938
 -2.745000 0.554385 0.179163
 -2.740000 0.555538 0.285369
 -2.735000 0.557226 0.393067
 -2.730000 0.559456 0.501873
 -2.725000 0.562232 0.611316
 -2.720000 0.565557 0.720846
 -2.715000 0.569428 0.829900
 -2.710000 0.573843 0.937799
 -2.705000 0.578793 1.043883
 -2.700000 0.584267 1.147479
 -2.695000 0.590252 1.247706
 -2.690000 0.596729 1.343732
 -2.685000 0.603674 1.434904
 -2.680000 0.611060 1.520300
 -2.675000 0.618857 1.599124
 -2.670000 0.627032 1.670720
 -2.665000 0.635544 1.734273
 -2.660000 0.644352 1.789080
 -2.655000 0.653410 1.834596
 -2.650000 0.662672 1.870372
 -2.645000 0.672088 1.895815
 -2.640000 0.681603 1.910633
 -2.635000 0.691165 1.914589
 -2.630000 0.700718 1.907249
 -2.625000 0.710206 1.888614
 -2.620000 0.719572 1.858543
 -2.615000 0.728759 1.817074
 -2.610000 0.737709 1.764322
 -2.605000 0.746367 1.700278
 -2.600000 0.754676 1.625240
 -2.595000 0.762582 1.539353
 -2.590000 0.770031 1.442949
 -2.585000 0.776971 1.336331
 -2.580000 0.783352 1.219969
 -2.575000 0.789127 1.094208
 -2.570000 0.794249 0.959483
 -2.565000 0.798676 0.816312
 -2.560000 0.802365 0.665228
 -2.555000 0.805279 0.506696
 -2.550000 0.807383 0.341347
 -2.545000 0.808644 0.169651
 -2.540000 0.809030 -0.007664
 -2.535000 0.808516 -0.190050
 -2.530000 0.807078 -0.376739
 -2.525000 0.804696 -0.567061
 -2.520000 0.801353 -0.760258
 -2.515000 0.797038 -0.955678
 -2.510000 0.791742 -1.152429
 -2.505000 0.785460 -1.349612
 -2.500000 0.778191 -1.546322
 -2.495000 0.769939 -1.741642
 -2.490000 0.760715 -1.934719
 -2.485000 0.750533 -2.124488
 -2.480000 0.739410 -2.309942
 -2.475000 0.727372 -2.490110
 -2.470000 0.714448 -2.664004
 -2.465000 0.700670 -2.830521
 -2.460000 0.686079 -2.988787
 -2.455000 0.670718 -3.137820
 -2.450000 0.654636 -3.276845
 -2.445000 0.637886 -3.404935
 -2.440000 0.620523 -3.521395
 -2.435000 0.602607 -3.625480
 -2.430000 0.584202 -3.716646
 -2.425000 0.565373 -3.794405
 -2.420000 0.546190 -3.858513
 -2.415000 0.526719 -3.908614
 -2.410000 0.507032 -3.944706
 -2.405000 0.487199 -3.966809
 -2.400000 0.467289 -3.975134
 -2.395000 0.447370 -3.969998
 -2.390000 0.427510 -3.951829
 -2.385000 0.407771 -3.921114
 -2.380000 0.388216 -3.878516
 -2.375000 0.368901 -3.824705
 -2.370000 0.349882 -3.760553
 -2.365000 0.331209 -3.686744
 -2.360000 0.312926 -3.604076
 -2.355000 0.295077 -3.513451
 -2.350000 0.277699 -3.415658
 -2.345000 0.260827 -3.311621
 -2.340000 0.244488 -3.202059
 -2.335000 0.228710 -3.087813
 -2.330000 0.213512 -2.969626
 -2.325000 0.198914 -2.848375
 -2.320000 0.184929 -2.724665
 -2.315000 0.171568 -2.599316
 -2.310000 0.158837 -2.472985
 -2.305000 0.146738 -2.346257
 -2.300000 0.135273 -2.219938
 -2.295000 0.124440 -2.094695
 -2.290000 0.114230 -1.971003
 -2.285000 0.104634 -1.849393
 -2.280000 0.095640 -1.730497
 -2.275000 0.087234 -1.614802
 -2.270000 0.079399 -1.502712
 -2.265000 0.072116 -1.394719
 -2.260000 0.065363 -1.291045
 -2.255000 0.059117 -1.191969
 -2.250000 0.053357 -1.097717
 -2.245000 0.048056 -1.008426
 -2.240000 0.043191 -0.924190
 -2.235000 0.038736 -0.845008
 -2.230000 0.034666 -0.770863
 -2.225000 0.030957 -0.701683
 -2.220000 0.027582 -0.637289
 -2.215000 0.024520 -0.577547
 -2.210000 0.021746 -0.522233
 -2.205000 0.019240 -0.471212
 -2.200000 0.016980 -0.424181
 -2.195000 0.014947 -0.380967
 -2.190000 0.013122 -0.341340
 -2.185000 0.011488 -0.305059
 -2.180000 0.010029 -0.271927
 -2.175000 0.008729 -0.241773
 -2.170000 0.007574 -0.214350
 -2.165000 0.006551 -0.189486
 -2.160000 0.005647 -0.166940
 -2.155000 0.004851 -0.146621
 -2.150000 0.004153 -0.128353
 -2.145000 0.003543 -0.111974
 -2.140000 0.003010 -0.097300
 -2.135000 0.002548 -0.084223
 -2.130000 0.002148 -0.072646
 -2.125000 0.001804 -0.062439
 -2.120000 0.001509 -0.053409
 -2.115000 0.001256 -0.045509
 -2.110000 0.001042 -0.038608
 -2.105000 0.000860 -0.032599
 -2.100000 0.000706 -0.027382
 -2.095000 0.000577 -0.022885
 -2.090000 0.000469 -0.019017
 -2.085000 0.000380 -0.015738
 -2.080000 0.000306 -0.012944
 -2.075000 0.000245 -0.010592
 -2.070000 0.000195 -0.008625
 -2.065000 0.000154 -0.006987
 -2.060000 0.000121 -0.005609
 -2.055000 0.000095 -0.004472
 -2.050000 0.000073 -0.003539
 -2.045000 0.000057 -0.002784
 -2.040000 0.000043 -0.002174
 -2.035000 0.000033 -0.001683
 -2.030000 0.000025 -0.001297
 -2.025000 0.000019 -0.000989
 -2.020000 0.000014 -0.000745
 -2.015000 0.000010 -0.000558
 -2.010000 0.000007 -0.000414
 -2.005000 0.000005 -0.000309
 -2.000000 0.000004 -0.000223
