#! FIELDS time d1 d2
 0.100000 1.769527 2.885517
 0.200000 1.831434 3.264219
 0.300000 1.807718 3.284634
 0.400000 1.828171 2.805830
 0.500000 1.846942 2.782445
 0.600000 1.895056 2.864476
 0.700000 1.760259 2.966282
 0.800000 1.863687 2.865855
 0.900000 1.786609 2.912285
 1.000000 1.848669 2.833416
 1.100000 1.855375 2.921305
 1.200000 1.777953 3.021470
 1.300000 1.762974 3.056831
 1.400000 1.889525 2.903199
 1.500000 1.836312 3.008274
 1.599999 1.762563 2.861320
 1.699999 1.872449 2.827653
 1.799999 1.819483 3.052263
 1.899999 1.855018 3.019028
 1.999999 1.712363 3.038448
 2.099999 1.892694 2.892211
 2.199999 1.760169 2.774211
 2.299999 1.833565 3.081782
 2.399999 1.822791 2.829743
 2.499999 1.869020 2.919332
 2.599999 1.819127 3.304659
 2.699999 1.780642 3.350325
 2.799999 1.798404 3.259321
 2.899999 1.791568 2.980621
 2.999999 1.911253 2.707102
 3.099999 1.836644 2.995790
 3.199999 1.805381 3.142459
 3.299999 1.768589 3.005138
 3.399999 1.783928 2.915989
 3.499999 1.764311 3.201081
 3.599999 1.797379 3.098614
 3.699999 1.795600 3.143429
 3.799999 1.804084 2.978580
 3.899999 1.929093 3.010316
 3.999999 1.825783 3.139218
 4.099999 1.789596 3.034354
 4.199999 1.886649 3.029988
 4.299999 1.781295 3.084626
 4.399999 1.851982 3.149510
 4.499999 1.795377 3.072569
 4.599999 1.846871 3.097791
 4.699998 1.794502 3.245318
 4.799998 1.883887 2.904947
 4.899998 1.792095 2.803973
 4.999998 1.852062 2.943002
 5.099998 1.811050 2.985959
 5.199998 1.846431 2.761068
 5.299998 1.814052 2.889192
 5.399998 1.821790 2.838582
 5.499998 1.836609 2.922072
 5.599998 1.813889 2.922456
 5.699998 1.839551 2.983692
 5.799998 1.813418 2.851754
 5.899998 1.776748 2.945447
 5.999998 1.806142 3.054949
 6.099998 1.875675 3.143673
 6.199998 1.765297 3.064357
 6.299998 1.720167 3.211741
 6.399998 1.849997 3.203205
 6.499998 1.787032 3.201785
 6.599998 1.817378 3.060114
 6.699998 1.811052 3.169593
 6.799998 1.890791 3.139041
 6.899998 1.791911 3.190044
 6.999998 1.795942 3.274548
 7.099998 1.803817 3.204087
 7.199998 1.809695 3.057824
 7.299998 1.796075 2.970951
 7.399998 1.815329 2.824547
 7.499998 1.831203 2.917435
 7.599998 1.835419 3.099778
 7.699998 1.817489 3.265890
 7.799997 1.756456 3.149173
 7.899997 1.871088 2.809184
 7.999997 1.777497 3.067754
 8.099997 1.793477 3.072435
 8.199997 1.848732 2.952022
 8.299997 1.827813 2.791340
 8.399997 1.782156 2.879363
 8.499997 1.871800 2.901885
 8.599997 1.790445 2.849126
 8.699997 1.865768 2.820511
 8.799997 1.838039 2.994957
 8.899997 1.783073 3.046223
 8.999997 1.787320 2.968530
 9.099997 1.853364 2.746416
 9.199997 1.872450 2.951027
 9.299997 1.728498 3.298562
 9.399997 1.893988 3.259500
 9.499997 1.830353 2.836621
 9.599997 1.752567 2.967442
 9.699997 1.895834 3.300367
 9.799997 1.836295 3.444161
 9.899997 1.821884 2.824453
 9.999997 1.738039 3.261074
 10.099997 1.801606 3.596994
 10.199997 1.840995 3.535697
 10.299997 1.808655 3.549265
 10.399997 1.954100 2.964876
 10.499997 1.821089 2.893855
 10.599997 1.884623 2.721508
 10.699997 1.808172 2.903454
 10.799997 1.792587 2.981933
 10.899996 1.804817 3.069462
 10.999996 1.855447 2.976856
 11.099996 1.838464 2.929178
 11.199996 1.764278 3.106229
 11.299996 1.754578 3.241340
 11.399996 1.839635 3.120259
 11.499996 1.841317 2.963909
 11.599996 1.783790 2.846702
 11.699996 1.800785 3.091163
 11.799996 1.788406 2.858069
 11.899996 1.888864 2.770744
 11.999996 1.818286 3.006892
 12.099996 1.815426 3.429621
 12.199996 1.872962 3.487679
 12.299996 1.864884 3.190212
 12.399996 1.768109 2.962359
 12.499996 1.862362 2.911125
 12.599996 1.816841 3.028810
 12.699996 1.825049 2.966963
 12.799996 1.870211 2.963344
 12.899996 1.788773 3.027104
 12.999996 1.812266 3.047175
 13.099996 1.846658 2.680867
 13.199996 1.861339 2.991673
 13.299996 1.807192 3.139619
 13.399996 1.790860 2.967441
 13.499996 1.828065 2.809121
 13.599996 1.768833 3.179353
 13.699996 1.843015 3.327771
 13.799996 1.790706 3.277427
 13.899996 1.857852 2.741039
 13.999995 1.834725 2.859372
 14.099995 1.790333 2.877000
 14.199995 1.859861 3.054622
 14.299995 1.754665 3.000728
 14.399995 1.851134 2.818379
 14.499995 1.868028 2.873724
 14.599995 1.880008 2.837652
 14.699995 1.845042 2.793638
 14.799995 1.819364 2.898898
 14.899995 1.785180 2.901405
 14.999995 1.756105 3.174297
 15.099995 1.894470 2.690729
 15.199995 1.813697 2.827150
 15.299995 1.953797 2.973930
 15.399995 1.773121 2.846315
 15.499995 1.844392 2.864910
 15.599995 1.924277 2.655486
 15.699995 1.725867 3.001226
 15.799995 1.864431 2.863485
 15.899995 1.882163 2.721997
 15.999995 1.792309 2.981642
 16.099995 1.843200 2.928814
 16.199995 1.822418 2.837228
 16.299995 1.822189 2.887782
 16.399995 1.818837 2.928592
 16.499995 1.723010 2.974962
 16.599995 1.863419 2.881222
 16.699995 1.861695 3.030742
 16.799995 1.821638 3.321868
 16.899995 1.815038 3.206868
 16.999995 1.852520 2.942263
 17.099994 1.758804 3.196170
 17.199994 1.757947 3.096691
 17.299994 1.806520 2.892796
 17.399994 1.760993 3.390805
 17.499994 1.798252 3.715311
 17.599994 1.879160 3.357472
 17.699994 1.822869 3.509595
 17.799994 1.795187 3.360256
 17.899994 1.793259 2.902860
 17.999994 1.804179 3.217967
 18.099994 1.753402 3.385384
 18.199994 1.781223 3.363291
 18.299994 1.854690 3.340856
 18.399994 1.874481 3.036357
 18.499994 1.794188 2.772632
 18.599994 1.796303 3.115306
 18.699994 1.796674 2.907175
 18.799994 1.911196 2.877756
 18.899994 1.815333 2.828409
 18.999994 1.838761 2.854605
 19.099994 1.851495 3.000486
 19.199994 1.844394 3.024658
 19.299994 1.793908 2.719905
 19.399994 1.739495 3.246773
 19.499994 2.031147 2.793232
 19.599994 1.779093 2.823284
 19.699994 1.910816 2.932139
 19.799994 1.732819 3.341705
 19.899994 1.840740 3.137461
 19.999994 1.823302 2.937417
 20.099994 1.816194 2.884851
 20.199993 1.832449 2.821462
 20.299993 1.775894 2.932514
 20.399993 1.826737 2.957693
 20.499993 1.856948 3.052495
 20.599993 1.836970 2.706571
 20.699993 1.874141 2.861411
 20.799993 1.815704 3.204011
 20.899993 1.820446 3.303032
 20.999993 1.922242 2.781917
 21.099993 1.790235 2.834793
 21.199993 1.913468 2.989744
 21.299993 1.806066 2.911196
 21.399993 1.881512 3.095625
 21.499993 1.846104 2.908669
 21.599993 1.805759 2.952134
 21.699993 1.884575 2.773775
 21.799993 1.870742 2.905472
 21.899993 1.817182 2.923264
 21.999993 1.793728 2.962984
 22.099993 1.882846 2.767266
 22.199993 1.813652 2.859721
 22.299993 1.814724 2.999993
 22.399993 1.815064 3.072714
 22.499993 1.846008 2.890922
 22.599993 1.825924 3.163911
 22.699993 1.850862 2.902680
 22.799993 1.828553 2.988063
 22.899993 1.880937 3.143217
 22.999993 1.877656 2.792955
 23.099993 1.802104 2.859153
 23.199993 1.795238 3.374793
 23.299992 1.752584 3.389805
 23.399992 1.815949 3.024495
 23.499992 1.832711 2.814567
 23.599992 1.808981 3.190431
 23.699992 1.829449 3.318572
 23.799992 1.798211 3.185525
 23.899992 1.859622 3.018387
 23.999992 1.820769 3.069627
 24.099992 1.856940 2.776045
 24.199992 1.785741 2.992445
 24.299992 1.909990 2.862738
 24.399992 1.857603 2.790306
 24.499992 1.818382 2.960852
 24.599992 1.823686 3.109383
 24.699992 1.827974 3.228932
 24.799992 1.780131 3.002827
 24.899992 1.855561 2.724945
 24.999992 1.799532 3.137892
 25.099992 1.824731 3.186523
 25.199992 1.872270 2.945088
 25.299992 1.892833 2.685291
 25.399992 1.803327 3.085555
 25.499992 1.766137 3.027404
 25.599992 1.821771 2.805285
 25.699992 1.883670 2.930028
 25.799992 1.808454 3.163679
 25.899992 1.793129 2.766424
 25.999992 1.863144 3.188438
 26.099992 1.751065 3.213860
 26.199992 1.783385 3.136823
 26.299992 1.818460 2.922778
 26.399991 1.819448 2.745065
 26.499991 1.855205 3.103944
 26.599991 1.887054 3.098133
 26.699991 1.755089 3.030390
 26.799991 1.858430 2.876261
 26.899991 1.728761 2.924544
 26.999991 1.863436 2.894811
 27.099991 1.855253 2.976053
 27.199991 1.810171 2.868702
 27.299991 1.839299 2.805414
 27.399991 1.776717 3.025607
 27.499991 1.837547 2.814576
 27.599991 1.804950 2.819388
 27.699991 1.934422 2.825194
 27.799991 1.857267 2.937915
 27.899991 1.795943 2.947110
 27.999991 1.950639 2.793054
 28.099991 1.767650 3.098648
 28.199991 1.800493 2.927576
 28.299991 1.757224 2.912213
 28.399991 1.873767 2.760566
 28.499991 1.851382 3.352868
 28.599991 1.808736 3.400651
 28.699991 1.790894 2.938478
 28.799991 1.839017 2.700818
 28.899991 1.834578 3.054101
 28.999991 1.831935 3.194313
 29.099991 1.807523 3.214999
 29.199991 1.836344 2.807070
 29.299991 1.872648 2.723743
 29.399991 1.796329 2.956843
 29.499990 1.858665 3.017102
 29.599990 1.836314 2.847255
 29.699990 1.809270 2.945393
 29.799990 1.838181 2.826580
 29.899990 1.829989 2.888245
 29.999990 1.798974 2.997414
 30.099990 1.808771 3.009177
 30.199990 1.855072 2.961342
 30.299990 1.862648 2.809467
 30.399990 1.870701 2.906337
 30.499990 1.779306 3.135486
 30.599990 1.809514 3.504549
 30.699990 1.775143 3.516439
 30.799990 1.836561 2.994238
 30.899990 1.941643 2.809904
 30.999990 1.812963 2.927861
 31.099990 1.855904 2.803451
 31.199990 1.796381 3.053243
 31.299990 1.831965 3.012926
 31.399990 1.804134 2.962207
 31.499990 1.853093 2.946865
 31.599990 1.811726 3.012049
 31.699990 1.820195 2.827045
 31.799990 1.858669 2.889646
 31.899990 1.874791 2.866818
 31.999990 1.792839 3.079429
 32.099990 1.809603 2.763158
 32.199990 1.818087 2.985376
 32.299990 1.835850 3.286315
 32.399990 1.878685 2.966908
 32.499990 1.758954 2.841773
 32.599989 1.794519 3.168491
 32.699989 1.862295 3.029518
 32.799989 1.762597 2.984942
 32.899989 1.804105 2.754387
 32.999989 1.795586 2.829944
 33.099989 1.895680 2.820531
 33.199989 1.730970 2.928240
 33.299989 1.930036 3.109480
 33.399989 1.817927 3.205893
 33.499989 1.843869 2.745768
 33.599989 1.812224 2.954084
 33.699989 1.911288 3.165273
 33.799989 1.815184 2.929646
 33.899989 1.879284 2.735092
 33.999989 1.800169 2.921103
 34.099989 1.771161 2.877776
 34.199989 1.841355 2.832866
 34.299989 1.837880 2.993626
 34.399989 1.791253 2.952944
 34.499989 1.868886 2.892401
 34.599989 1.832272 2.903849
 34.699989 1.776334 3.059079
 34.799989 1.796845 3.025963
 34.899989 1.855777 2.894704
 34.999989 1.773936 2.873874
 35.099989 1.841786 3.017862
 35.199989 1.851629 2.798580
 35.299989 1.873880 2.872809
 35.399989 1.866308 2.793172
 35.499989 1.793045 2.921709
 35.599989 1.819477 3.296428
 35.699988 1.852605 3.140377
 35.799988 1.889074 2.830210
 35.899988 1.772690 3.053863
 35.999988 1.773016 3.268795
 36.099988 1.811764 3.357839
 36.199988 1.785489 3.053719
 36.299988 1.920493 2.598738
 36.399988 1.811891 3.111167
 36.499988 1.836692 3.252621
 36.599988 1.829970 3.118841
 36.699988 1.873785 2.848798
 36.799988 1.828468 2.807077
 36.899988 1.829598 3.001993
 36.999988 1.869022 3.181371
 37.099988 1.742892 3.307542
 37.199988 1.827525 2.870333
 37.299988 1.823449 2.770429
 37.399988 1.829692 2.919673
 37.499988 1.868517 2.829226
 37.599988 1.797021 2.894302
 37.699988 1.814437 3.030800
 37.799988 1.864403 2.832353
 37.899988 1.837282 2.887578
 37.999988 1.839748 3.099573
 38.099988 1.845653 2.790835
 38.199988 1.835221 2.927288
 38.299988 1.780931 2.943331
 38.399988 1.910335 2.840726
 38.499988 1.857625 2.693583
 38.599988 1.792637 2.944308
 38.699988 1.793757 2.878891
 38.799987 1.853879 2.906971
 38.899987 1.881032 2.806085
 38.999987 1.805631 2.872579
 39.099987 1.823071 2.882289
 39.199987 1.905331 3.024612
 39.299987 1.811647 2.897779
 39.399987 1.871813 2.956830
 39.499987 1.820770 2.986879
 39.599987 1.857590 2.924737
 39.699987 1.793306 2.912572
 39.799987 1.836400 2.870300
 39.899987 1.872475 2.957070
 39.999987 1.779138 3.132115
 40.099987 1.849131 3.011307
 40.199987 1.804749 2.821694
 40.299987 1.793180 3.211786
 40.399987 1.798779 3.245565
 40.499987 1.741946 3.014468
 40.599987 1.914794 2.709624
 40.699987 1.819043 2.932765
 40.799987 1.786074 3.201737
 40.899987 1.854014 2.806174
 40.999987 1.865988 2.927004
 41.099987 1.862702 3.173806
 41.199987 1.814909 3.246297
 41.299987 1.853965 2.790102
 41.399987 1.868189 2.717442
 41.499987 1.798416 2.988033
 41.599987 1.835998 2.891384
 41.699987 1.800537 2.917118
 41.799987 1.829802 2.845701
 41.899986 1.803020 2.854816
 41.999986 1.868669 2.907598
 42.099986 1.787513 3.003759
 42.199986 1.834926 2.963778
 42.299986 1.776560 3.009495
 42.399986 1.798902 2.796718
 42.499986 1.857425 2.643722
 42.599986 1.826693 3.076103
 42.699986 1.813588 3.211905
 42.799986 1.775192 2.860616
 42.899986 1.883755 2.902337
 42.999986 1.830075 3.106165
 43.099986 1.814822 3.117614
 43.199986 1.790149 3.102056
 43.299986 1.812622 3.107438
 43.399986 1.839588 2.727682
 43.499986 1.801098 2.952113
 43.599986 1.844029 2.861828
 43.699986 1.823475 3.085541
 43.799986 1.872162 2.822599
 43.899986 1.925145 2.919895
 43.999986 1.750340 2.952483
 44.099986 1.884404 3.075706
 44.199986 1.718241 3.455395
 44.299986 1.766662 3.170898
 44.399986 1.871620 2.792541
 44.499986 1.835661 2.793763
 44.599986 1.829382 3.150451
 44.699986 1.790004 3.027757
 44.799986 1.897985 2.862926
 44.899986 1.800187 2.786198
 44.999985 1.777403 2.980242
 45.099985 1.915333 2.711222
 45.199985 1.763134 2.990025
 45.299985 1.768087 3.294116
 45.399985 1.783778 3.368714
 45.499985 1.969078 2.994099
 45.599985 1.763366 2.879528
 45.699985 1.777022 2.679941
 45.799985 1.797133 3.020595
 45.899985 1.826457 2.922539
 45.999985 1.813594 2.784244
 46.099985 1.940524 2.972303
 46.199985 1.782108 3.012188
 46.299985 1.826728 2.886181
 46.399985 1.826945 2.912672
 46.499985 1.762370 3.090737
 46.599985 1.915931 2.988762
 46.699985 1.863585 3.398994
 46.799985 1.827324 3.367558
 46.899985 1.741589 3.233711
 46.999985 1.907263 2.905073
 47.099985 1.855710 3.169910
 47.199985 1.804391 3.617993
 47.299985 1.824501 3.713238
 47.399985 1.826663 3.340592
 47.499985 1.791363 2.829979
 47.599985 1.824953 2.903016
 47.699985 1.805653 3.278012
 47.799985 1.793808 3.682193
 47.899985 1.759116 3.526228
 47.999985 1.809731 3.268974
 48.099984 1.848712 2.981125
 48.199984 1.720096 3.252505
 48.299984 1.805134 3.375310
 48.399984 1.814141 3.307251
 48.499984 1.818690 2.955891
 48.599984 1.769163 3.115062
 48.699984 1.870447 3.211737
 48.799984 1.772094 3.066206
 48.899984 1.872586 2.814687
 48.999984 1.839999 2.895993
 49.099984 1.764397 3.134351
 49.199984 1.906976 2.962183
 49.299984 1.796243 2.836883
 49.399984 1.886800 2.784238
 49.499984 1.897935 3.024145
 49.599984 1.801333 3.436886
 49.699984 1.887113 3.357207
 49.799984 1.780622 3.031546
 49.899984 1.842112 2.878761
 49.999984 1.787204 3.438303
 50.099984 1.851706 3.070594
 50.199984 1.928333 2.779496
 50.299984 1.810324 2.960227
 50.399984 1.828304 3.294330
 50.499984 1.815539 3.241730
 50.599984 1.828885 2.734043
 50.699984 1.756335 2.921844
 50.799984 1.819884 3.208892
 50.899984 1.747664 3.147476
 50.999984 1.830165 2.660484
 51.099984 1.804141 3.065993
 51.199983 1.800149 3.414692
 51.299983 1.763629 3.355966
 51.399983 1.757276 3.121821
 51.499983 1.936159 2.651611
 51.599983 1.821845 2.990546
 51.699983 1.921858 3.100910
 51.799983 1.790507 3.087628
 51.899983 1.807780 2.852313
 51.999983 1.818189 3.295465
 52.099983 1.799837 3.436355
 52.199983 1.811675 3.485238
 52.299983 1.802012 3.182518
 52.399983 1.822724 2.845917
 52.499983 1.830696 2.886805
 52.599983 1.868299 3.048707
 52.699983 1.792560 3.128756
 52.799983 1.868015 2.956756
 52.899983 1.771820 2.814856
 52.999983 1.795458 3.017573
 53.099983 1.876181 2.914280
 53.199983 1.723997 3.006780
 53.299983 1.840380 2.749648
 53.399983 1.776157 2.916510
 53.499983 1.873635 3.064985
 53.599983 1.715727 3.047932
 53.699983 1.943614 2.746320
 53.799983 1.782516 2.847851
 53.899983 1.851687 2.817541
 53.999983 1.777044 3.155894
 54.099983 1.820955 2.980696
 54.199983 1.783131 2.738523
 54.299982 1.907540 3.027546
 54.399982 1.770753 3.319297
 54.499982 1.875726 2.907593
 54.599982 1.769636 2.952925
 54.699982 1.775906 2.825320
 54.799982 1.849187 2.953469
 54.899982 1.825826 2.891080
 54.999982 1.778790 2.939685
 55.099982 1.806197 2.828441
 55.199982 1.771092 2.983996
 55.299982 1.797684 3.046600
 55.399982 1.800420 2.812050
 55.499982 1.819457 2.878006
 55.599982 1.827658 3.070482
 55.699982 1.816305 3.035512
 55.799982 1.951222 2.644392
 55.899982 1.805104 3.066238
 55.999982 1.821411 3.102921
 56.099982 1.822657 2.942430
 56.199982 1.865821 2.896215
 56.299982 1.784303 2.868071
 56.399982 1.786728 2.877925
 56.499982 1.840139 3.088133
 56.599982 1.831622 3.094751
 56.699982 1.825463 3.118058
 56.799982 1.819483 3.090296
 56.899982 1.918178 2.714878
 56.999982 1.788035 2.844225
 57.099982 1.822275 2.999097
 57.199982 1.811337 2.869363
 57.299982 1.929333 2.711010
 57.399981 1.795391 3.062298
 57.499981 1.861274 2.831946
 57.599981 1.795361 2.898040
 57.699981 1.823418 3.050627
 57.799981 1.822708 2.973047
 57.899981 1.848561 2.766009
 57.999981 1.806976 2.872982
 58.099981 1.834447 3.054917
 58.199981 1.803275 2.902764
 58.299981 1.872821 2.959817
 58.399981 1.780203 2.912561
 58.499981 1.778709 2.946931
 58.599981 1.775401 2.980290
 58.699981 1.791840 2.722347
 58.799981 1.802085 3.064956
 58.899981 1.833740 3.273961
 58.999981 1.871967 2.912137
 59.099981 1.831584 2.886000
 59.199981 1.870760 2.732343
 59.299981 1.779132 2.988084
 59.399981 1.794910 3.068739
 59.499981 1.806290 3.185294
 59.599981 1.835320 2.703963
 59.699981 1.828648 2.850519
 59.799981 1.802199 3.377409
 59.899981 1.776400 3.322185
 59.999981 1.850980 2.836635
 60.099981 1.784401 2.760162
 60.199981 1.841793 3.086483
 60.299981 1.784432 3.371469
 60.399981 1.825399 3.071428
 60.499980 1.778480 2.994062
 60.599980 1.843104 2.956556
 60.699980 1.817727 3.045220
 60.799980 1.695840 3.310858
 60.899980 1.876539 3.114136
 60.999980 1.820891 3.186043
 61.099980 1.794681 3.115097
 61.199980 1.830385 2.900963
 61.299980 1.816528 2.875298
 61.399980 1.817168 3.269184
 61.499980 1.790776 3.101203
 61.599980 1.886843 2.908643
 61.699980 1.739661 2.873400
 61.799980 1.880581 2.922608
 61.899980 1.774550 2.794170
 61.999980 1.835216 3.000929
 62.099980 1.795050 3.037999
 62.199980 1.834944 2.837035
 62.299980 1.796788 2.924358
 62.399980 1.838523 3.222916
 62.499980 1.784794 3.186679
 62.599980 1.826373 2.944311
 62.699980 1.812500 2.813017
 62.799980 1.792174 2.969180
 62.899980 1.821477 2.881328
 62.999980 1.817684 2.934010
 63.099980 1.812524 2.815398
 63.199980 1.879064 2.752570
 63.299980 1.787800 2.909711
 63.399980 1.807826 3.047222
 63.499980 1.916797 2.729012
 63.599979 1.836579 2.967063
 63.699979 1.783099 3.010923
 63.799979 1.789731 2.767117
 63.899979 1.785669 3.011746
 63.999979 1.810959 3.185094
 64.099979 1.790978 2.944128
 64.199979 1.786338 2.920767
 64.299979 1.732002 3.707524
 64.399979 1.827413 3.430285
 64.499979 1.776644 2.966160
 64.599979 1.813695 3.022070
 64.699979 1.812370 3.047980
 64.799979 1.878349 2.822654
 64.899979 1.837057 3.112781
 64.999979 1.849349 2.859160
 65.099979 1.754888 3.004047
 65.199979 1.864532 2.846103
 65.299979 1.839674 2.811554
 65.399979 1.816438 2.952122
 65.499979 1.810191 2.935207
 65.599979 1.817847 2.857220
 65.699979 1.842778 2.952157
 65.799979 1.824847 2.879589
 65.899979 1.866057 2.773984
 65.999979 1.776361 2.855959
 66.099979 1.815146 2.816089
 66.199979 1.731827 2.822730
 66.299979 1.901846 2.833608
 66.399979 1.833240 2.833004
 66.499979 1.817111 2.966372
 66.599979 1.797994 3.026190
 66.699978 1.896556 2.840245
 66.799978 1.789616 2.892197
 66.899978 1.828640 3.292677
 66.999978 1.793993 3.606899
 67.099978 1.813763 3.146027
 67.199978 1.817754 2.752252
 67.299978 1.840687 3.168528
 67.399978 1.822475 3.126555
 67.499978 1.804229 3.343020
 67.599978 1.798895 2.963082
 67.699978 1.865770 2.850703
 67.799978 1.846580 2.914431
 67.899978 1.822157 2.842676
 67.999978 1.881395 2.869996
 68.099978 1.764386 3.008262
 68.199978 1.859084 2.869264
 68.299978 1.788465 2.959450
 68.399978 1.837741 3.129559
 68.499978 1.789931 3.197898
 68.599978 1.872506 2.721478
 68.699978 1.800917 3.089533
 68.799978 1.803587 3.594602
 68.899978 1.774915 3.516619
 68.999978 1.822381 2.866191
 69.099978 1.851505 2.859876
 69.199978 1.863523 2.781237
 69.299978 1.773403 2.967959
 69.399978 1.800880 2.893029
 69.499978 1.858749 2.846679
 69.599978 1.819792 2.748687
 69.699978 1.806927 3.106249
 69.799977 1.717844 3.524831
 69.899977 1.828708 3.510950
 69.999977 1.829979 3.026166
 70.099977 1.821290 2.867736
 70.199977 1.839832 3.054829
 70.299977 1.858577 3.279992
 70.399977 1.767992 3.463023
 70.499977 1.815967 3.391520
 70.599977 1.797116 3.270871
 70.699977 1.842722 3.052205
 70.799977 1.806506 3.147952
 70.899977 1.757881 3.181925
 70.999977 1.858226 2.984180
 71.099977 1.858264 2.912035
 71.199977 1.832858 2.907969
 71.299977 1.761729 3.447184
 71.399977 1.682776 3.573165
 71.499977 1.782651 3.485718
 71.599977 1.820814 2.797642
 71.699977 1.853226 2.776440
 71.799977 1.788403 3.098332
 71.899977 1.821711 2.987586
 71.999977 1.844233 2.856977
 72.099977 1.840265 3.044313
 72.199977 1.830075 3.156350
 72.299977 1.780585 3.080423
 72.399977 1.826360 2.975103
 72.499977 1.816397 2.986434
 72.599977 1.858930 3.166163
 72.699977 1.807966 3.030508
 72.799977 1.808039 2.914129
 72.899976 1.811002 3.132960
 72.999976 1.820106 3.216973
 73.099976 1.874238 2.849664
 73.199976 1.832134 2.815631
 73.299976 1.786301 3.278873
 73.399976 1.832544 3.318510
 73.499976 1.819507 3.361550
 73.599976 1.869225 2.997026
 73.699976 1.831601 2.810100
 73.799976 1.818470 2.772765
 73.899976 1.820030 3.094299
 73.999976 1.793709 2.975918
 74.099976 1.830386 2.737468
 74.199976 1.839890 2.925821
 74.299976 1.812498 2.879884
 74.399976 1.899253 2.899371
 74.499976 1.804455 3.098717
 74.599976 1.839479 2.791510
 74.699976 1.814207 2.944111
 74.799976 1.811404 2.925399
 74.899976 1.808511 3.020971
 74.999976 1.833534 2.845585
 75.099976 1.879133 2.822462
 75.199976 1.825160 2.893162
 75.299976 1.848344 2.788123
 75.399976 1.796494 2.909143
 75.499976 1.813719 2.772509
 75.599976 1.806424 2.830927
 75.699976 1.865993 2.809735
 75.799976 1.838191 2.954918
 75.899976 1.835600 3.065590
 75.999975 1.789092 2.672005
 76.099975 1.831370 3.093041
 76.199975 1.866735 3.183975
 76.299975 1.818122 2.967691
 76.399975 1.824464 2.772011
 76.499975 1.872017 2.835371
 76.599975 1.826041 2.928495
 76.699975 1.818204 2.997722
 76.799975 1.801534 2.826678
 76.899975 1.850388 2.878122
 76.999975 1.843014 3.094968
 77.099975 1.857390 2.999653
 77.199975 1.738084 2.875591
 77.299975 1.911784 2.963996
 77.399975 1.847047 2.955965
 77.499975 1.892686 2.752008
 77.599975 1.777899 2.889688
 77.699975 1.917723 2.706469
 77.799975 1.857788 2.885182
 77.899975 1.854106 2.773302
 77.999975 1.866376 2.970199
 78.099975 1.861497 2.789097
 78.199975 1.775351 2.941501
 78.299975 1.956616 2.575426
 78.399975 1.820019 3.052274
 78.499975 1.851549 3.026952
 78.599975 1.849628 2.721574
 78.699975 1.887169 2.789347
 78.799975 1.796517 2.856937
 78.899975 1.853326 2.977642
 78.999975 1.818228 3.081993
 79.099974 1.814584 2.777893
 79.199974 1.881176 3.083015
 79.299974 1.798808 3.231498
 79.399974 1.876916 2.949433
 79.499974 1.914279 2.642022
 79.599974 1.941131 2.912689
 79.699974 1.892341 2.813341
 79.799974 1.748959 2.897479
 79.899974 1.823561 2.985475
 79.999974 1.795688 2.955694
 80.099974 1.927018 2.725489
 80.199974 1.777748 2.921079
 80.299974 1.831529 2.843044
 80.399974 1.878552 2.825022
 80.499974 1.840079 2.948477
 80.599974 1.820544 2.886995
 80.699974 1.933426 2.798021
 80.799974 1.834253 2.783763
 80.899974 1.849502 2.938879
 80.999974 1.832893 2.926555
 81.099974 1.786433 2.982104
 81.199974 1.835072 3.072152
 81.299974 1.789421 3.098286
 81.399974 1.859617 2.891047
 81.499974 1.728136 2.935439
 81.599974 1.808011 2.916207
 81.699974 1.791168 3.037461
 81.799974 1.783664 3.082674
 81.899974 1.834385 2.995832
 81.999974 1.859121 2.929851
 82.099974 1.766832 2.878782
 82.199973 1.915418 2.730859
 82.299973 1.755001 2.959899
 82.399973 1.835674 2.975897
 82.499973 1.875094 3.011297
 82.599973 1.807636 2.904219
 82.699973 1.861174 2.889963
 82.799973 1.896796 2.819854
 82.899973 1.775425 3.161003
 82.999973 1.786219 3.592115
 83.099973 1.850007 3.396704
 83.199973 1.804944 3.067350
 83.299973 1.756309 2.832004
 83.399973 1.907227 2.885998
 83.499973 1.752832 3.149501
 83.599973 1.864198 3.076232
 83.699973 1.792578 2.986926
 83.799973 1.888707 2.706836
 83.899973 1.824398 2.921532
 83.999973 1.846887 2.899386
 84.099973 1.877757 2.800172
 84.199973 1.869103 2.870322
 84.299973 1.826226 2.995085
 84.399973 1.824155 2.808580
 84.499973 1.873705 2.811872
 84.599973 1.814842 2.820308
 84.699973 1.871878 2.817731
 84.799973 1.766446 3.036572
 84.899973 1.810277 3.023305
 84.999973 1.791546 3.043121
 85.099973 1.834153 3.055111
 85.199973 1.797361 3.007744
 85.299972 1.855066 2.678720
 85.399972 1.860437 2.854901
 85.499972 1.764375 2.924966
 85.599972 1.768300 2.830923
 85.699972 1.811326 3.054493
 85.799972 1.826286 2.802619
 85.899972 1.787558 2.956143
 85.999972 1.875963 2.878788
 86.099972 1.799873 2.895819
 86.199972 1.827389 2.680967
 86.299972 1.829246 3.093735
 86.399972 1.834663 3.066251
 86.499972 1.849177 2.659224
 86.599972 1.886938 3.078995
 86.699972 1.741980 3.577913
 86.799972 1.934092 3.078621
 86.899972 1.803899 2.854741
 86.999972 1.779780 3.036526
 87.099972 1.886664 3.330378
 87.199972 1.854840 3.245740
 87.299972 1.757022 3.010098
 87.399972 1.825644 2.999566
 87.499972 1.752230 3.009484
 87.599972 1.904713 3.002756
 87.699972 1.839507 3.266750
 87.799972 1.754791 3.246225
 87.899972 1.771098 3.113151
 87.999972 1.799946 2.960609
 88.099972 1.833873 2.903975
 88.199972 1.901516 3.147669
 88.299972 1.733612 3.333093
 88.399971 1.848147 3.055458
 88.499971 1.828999 2.720867
 88.599971 1.805416 2.931277
 88.699971 1.805088 3.010141
 88.799971 1.844163 3.019903
 88.899971 1.735065 2.956780
 88.999971 1.868951 2.773758
 89.099971 1.883736 2.887514
 89.199971 1.811495 3.009333
 89.299971 1.843922 2.800786
 89.399971 1.774065 3.029137
 89.499971 1.848753 2.832904
 89.599971 1.803770 2.880091
 89.699971 1.792285 3.387686
 89.799971 1.883455 3.528134
 89.899971 1.745377 3.417138
 89.999971 1.811054 3.014680
 90.099971 1.840899 2.883640
 90.199971 1.853817 3.141609
 90.299971 1.773732 3.171732
 90.399971 1.837793 3.142248
 90.499971 1.884969 2.975710
 90.599971 1.838120 2.942291
 90.699971 1.879496 3.116507
 90.799971 1.843006 2.796174
 90.899971 1.837638 2.833121
 90.999971 1.814484 2.959985
 91.099971 1.760586 2.928030
 91.199971 1.831396 2.935777
 91.299971 1.830199 2.796192
 91.399971 1.875593 2.805241
 91.499970 1.860760 2.907995
 91.599970 1.854310 2.787676
 91.699970 1.891200 2.921625
 91.799970 1.808802 2.990393
 91.899970 1.875362 3.081747
 91.999970 1.732871 3.357718
 92.099970 1.800486 2.935597
 92.199970 1.936031 2.900619
 92.299970 1.771446 3.011912
 92.399970 1.951765 2.553272
 92.499970 1.750272 3.186387
 92.599970 1.832207 3.581403
 92.699970 1.800645 3.657060
 92.799970 1.745484 3.129608
 92.899970 1.891461 2.619583
 92.999970 1.830022 3.166527
 93.099970 1.808186 3.467156
 93.199970 1.748839 3.448051
 93.299970 1.859134 3.058048
 93.399970 1.845815 2.929128
 93.499970 1.804675 3.408820
 93.599970 1.803761 3.659620
 93.699970 1.793106 3.829941
 93.799970 1.780829 3.507712
 93.899970 1.855818 2.740510
 93.999970 1.851317 3.155232
 94.099970 1.756675 3.391513
 94.199970 1.816195 3.281534
 94.299970 1.870729 3.250084
 94.399970 1.792851 2.953870
 94.499970 1.796156 2.950906
 94.599969 1.772495 3.241210
 94.699969 1.817997 3.461624
 94.799969 1.792533 2.923132
 94.899969 1.772720 2.831895
 94.999969 1.846042 3.035607
 95.099969 1.873170 3.028547
 95.199969 1.817832 2.826577
 95.299969 1.731804 2.913037
 95.399969 1.869334 2.960256
 95.499969 1.839468 2.862477
 95.599969 1.871065 2.901692
 95.699969 1.856272 2.817337
 95.799969 1.857434 2.842701
 95.899969 1.805539 2.819157
 95.999969 1.890919 2.934695
 96.099969 1.839676 2.916535
 96.199969 1.830213 2.734460
 96.299969 1.849772 2.909755
 96.399969 1.833796 2.845851
 96.499969 1.845236 3.097220
 96.599969 1.820060 2.995823
 96.699969 1.842541 2.874486
 96.799969 1.896922 2.754844
 96.899969 1.868956 2.760358
 96.999969 1.745141 2.988472
 97.099969 1.904302 2.923859
 97.199969 1.752282 2.854313
 97.299969 1.891048 3.002550
 97.399969 1.760013 3.129026
 97.499969 1.842420 2.664056
 97.599969 1.782379 2.983209
 97.699968 1.795800 3.074179
 97.799968 1.793863 2.866130
 97.899968 1.855458 2.808253
 97.999968 1.797462 3.070048
 98.099968 1.827563 2.859641
 98.199968 1.808466 2.844355
 98.299968 1.810112 2.948393
 98.399968 1.892820 2.926805
 98.499968 1.748435 2.711450
 98.599968 1.847572 3.073559
 98.699968 1.845104 2.869813
 98.799968 1.804436 2.859226
 98.899968 1.864012 2.835075
 98.999968 1.823663 2.869554
 99.099968 1.763746 2.897988
 99.199968 1.878930 2.751027
 99.299968 1.830746 3.056356
 99.399968 1.806418 3.255705
 99.499968 1.752859 3.451609
 99.599968 1.829870 3.048925
 99.699968 1.823089 2.855153
 99.799968 1.800864 3.025379
 99.899968 1.893946 3.029607
 99.999968 1.867037 2.871935
