#! FIELDS time cv sigma_cv height biasf
#! SET multivariate false
#! SET kerneltype gaussian
     0.9999996774039183     -0.696215812692202                    0.1      1.111111111111111                     10
      1.999999354807837      -1.06695137287976                    0.1      1.111111111111111                     10
      2.999999032211755    -0.6023179541853758                    0.1      1.079713579791024                     10
      3.999998709615673    -0.9197785750907876                    0.1      1.090174438287943                     10
      4.999998387019591    -0.8437802411661077                    0.1      1.052937353874836                     10
       5.99999806442351    -0.9343787838015762                    0.1      1.012910483754759                     10
      6.999997741827428     -1.225736521728118                    0.1      1.096085590952724                     10
      7.999997419231346    -0.9251171916113636                    0.1     0.9711318955980524                     10
      8.999997096635264     -0.799513937662186                    0.1     0.9785015474384557                     10
      9.999996774039182     -1.122676809990073                    0.1      1.022550815787364                     10
       10.9999964514431      -1.00099962412954                    0.1     0.9374962959839807                     10
      11.99999612884702     -1.026393897625941                    0.1     0.9142169450807103                     10
      12.99999580625094    -0.7249640061192621                    0.1     0.9743097637790366                     10
      13.99999548365486    -0.8749422670282532                    0.1     0.8757779519541224                     10
      14.99999516105877     -1.452745645640751                    0.1      1.107209656610115                     10
      15.99999483846269    -0.7783777079671115                    0.1     0.8949573715313557                     10
      16.99999451586661    -0.6660235520011846                    0.1     0.9440691309749115                     10
      17.99999419327053    -0.8572992851289654                    0.1     0.8252324964387898                     10
      18.99999387067445    -0.7225075403375332                    0.1     0.8596472713207359                     10
      19.99999354807836     -0.558871299798759                    0.1      1.001697559805204                     10
      20.99999322548228     -1.048525432790282                    0.1     0.8799803479033866                     10
       21.9999929028862    -0.5062874891204967                    0.1      1.016811527804352                     10
      22.99999258029012     -1.028384215277135                    0.1     0.8347500198286246                     10
      23.99999225769404    -0.6584891441370846                    0.1     0.8533479089172441                     10
      24.99999193509796     -0.886533830062441                    0.1     0.7707212316991136                     10
      25.99999161250187    -0.9466958066708524                    0.1     0.7543825580096135                     10
      26.99999128990579    -0.9639724562959107                    0.1     0.7379532016228351                     10
      27.99999096730971    -0.6759483728025208                    0.1     0.8109843477704107                     10
      28.99999064471363     -0.920534941360114                    0.1     0.7068432179541727                     10
      29.99999032211755    -0.6862965769140648                    0.1     0.7778769583522938                     10
      30.99998999952146     -1.149694787732085                    0.1     0.9138913242131969                     10
      31.99998967692538    -0.4965064102611432                    0.1     0.9649993879229697                     10
       32.9999893543293    -0.5596716733526537                    0.1      0.853794723716646                     10
      33.99998903173322    -0.6979926788895936                    0.1     0.7346433264272906                     10
      34.99998870913713    -0.7872582658952423                    0.1     0.7042686893186344                     10
      35.99998838654106     -1.170024525872112                    0.1     0.9065064226459778                     10
      36.99998806394498     -1.311020333261514                    0.1        1.0234217390845                     10
       37.9999877413489     -1.258637301865185                    0.1     0.9434464345247869                     10
      38.99998741875281    -0.6638406222008095                    0.1     0.7158470442829077                     10
      39.99998709615673    -0.7256435872740192                    0.1     0.6762401471845888                     10
      40.99998677356065      -1.11387817945876                    0.1       0.79439956242002                     10
      41.99998645096456     -1.252491501828989                    0.1     0.8925796440607869                     10
      42.99998612836848     -1.290320154735829                    0.1     0.8974171406849348                     10
       43.9999858057724     -1.517021185473648                    0.1      1.060182135715195                     10
      44.99998548317632    -0.7445746362604231                    0.1     0.6574742174609349                     10
      45.99998516058024     -1.255062438314254                    0.1     0.8336839288280715                     10
      46.99998483798416     -1.198252468793085                    0.1      0.774872424102568                     10
      47.99998451538808     -1.459840965891383                    0.1      0.984810659938842                     10
      48.99998419279199     -1.239772087241292                    0.1      0.770859228323147                     10
      49.99998387019591     -1.409681970524809                    0.1     0.9116627050869515                     10
      50.99998354759983    -0.4226568935865826                    0.1     0.9984116252285143                     10
      51.99998322500375    -0.8741233295966757                    0.1     0.6562980611363889                     10
      52.99998290240767     -1.787544256044894                    0.1      1.109510132795932                     10
      53.99998257981159     -1.349639034519243                    0.1       0.82999863799857                     10
       54.9999822572155     -1.429873570603957                    0.1     0.8718936741465759                     10
      55.99998193461942     -1.037641065065546                    0.1     0.6938989950189653                     10
      56.99998161202334    -0.6002764693915237                    0.1     0.7273772836953595                     10
      57.99998128942725    -0.8139480280660063                    0.1     0.6316075983590586                     10
      58.99998096683117     -1.039257102473837                    0.1     0.6741838951363529                     10
      59.99998064423509    -0.7027198773187642                    0.1     0.6224250885287701                     10
      60.99998032163901    -0.9073611486672377                    0.1     0.6166080717393125                     10
      61.99997999904293     -1.129777662022138                    0.1     0.6890015669169831                     10
      62.99997967644685    -0.8323963161773484                    0.1     0.5971828324734929                     10
      63.99997935385077    -0.7427871657757914                    0.1      0.586591997156425                     10
      64.99997903125468    -0.8996445819908028                    0.1      0.584183795017754                     10
       65.9999787086586    -0.5549242820439435                    0.1     0.7541964952424017                     10
      66.99997838606252    -0.7653887668711572                    0.1     0.5633088400631455                     10
      67.99997806346644     -0.764415084545008                    0.1     0.5508158788633115                     10
      68.99997774087036     -1.624896790494343                    0.1      1.040340988168647                     10
      69.99997741827427    -0.9730559315938201                    0.1     0.5928846542112312                     10
      70.99997709567819       -1.6428314516768                    0.1      1.008074874403668                     10
      71.99997677308211    -0.7186163664767307                    0.1     0.5490920990079753                     10
      72.99997645048603    -0.5345896596088526                    0.1     0.7572591030443135                     10
      73.99997612788995    -0.9706815863081526                    0.1     0.5772126705185171                     10
      74.99997580529387     -1.501388389694471                    0.1     0.8805143929228887                     10
      75.99997548269779    -0.6075081482343585                    0.1     0.6285030637494309                     10
       76.9999751601017    -0.5191845503540917                    0.1     0.7469536202202297                     10
      77.99997483750562    -0.9937949081953548                    0.1     0.5767969180385554                     10
      78.99997451490954     -1.653351358690667                    0.1     0.9626378610230568                     10
      79.99997419231346     -1.508954234715571                    0.1     0.8436164667547739                     10
      80.99997386971738     -1.606319783596753                    0.1     0.8794182052072526                     10
       81.9999735471213     -2.202983414689921                    0.1      1.111111111111111                     10
      82.99997322452521    -0.8954758690919464                    0.1     0.5294866832149793                     10
      83.99997290192913     -1.201520722700537                    0.1     0.6867081659116797                     10
      84.99997257933305     -1.864042853820405                    0.1      1.062388937669622                     10
      85.99997225673697    -0.9564375406616841                    0.1     0.5349959159478168                     10
      86.99997193414089     -1.076709990343985                    0.1     0.6039820921851837                     10
      87.99997161154481     -1.921304817033831                    0.1      1.048665502442038                     10
      88.99997128894873     -1.163767999829267                    0.1     0.6409737550503165                     10
      89.99997096635263     -1.290361233545568                    0.1     0.7080054356134742                     10
      90.99997064375655    -0.6834075964430013                    0.1     0.5362412522058573                     10
      91.99997032116048      -1.21965589088124                    0.1     0.6409012806587786                     10
       92.9999699985644      -1.08040330151229                    0.1     0.5739953640275975                     10
      93.99996967596832    -0.6187848465751502                    0.1     0.5779426356121461                     10
      94.99996935337224     -1.761783671149633                    0.1     0.9525364699314038                     10
      95.99996903077616    -0.6430373993008338                    0.1      0.541619377160471                     10
      96.99996870818006    -0.8503081326476694                    0.1     0.5016461475688162                     10
      97.99996838558398    -0.5412838347878624                    0.1     0.6632523441944322                     10
       98.9999680629879    -0.9328752834670349                    0.1     0.4980742396886216                     10
      99.99996774039182     -1.374970147626582                    0.1     0.7432579802588287                     10
      100.9999674177957    -0.6478958807849509                    0.1     0.5166822014283644                     10
      101.9999670951997    -0.5090861121806829                    0.1     0.6993829601517316                     10
      102.9999667726036     -2.121103673806039                    0.1      1.068284849055727                     10
      103.9999664500075     -1.602810989585542                    0.1     0.8338883438808394                     10
      104.9999661274114    -0.8624671862824109                    0.1     0.4832831892721418                     10
      105.9999658048153    -0.8380805816693437                    0.1     0.4743176948971949                     10
      106.9999654822193    -0.4449709617580593                    0.1     0.8185063231486411                     10
      107.9999651596232      -1.28317585577739                    0.1     0.6534054532235654                     10
      108.9999648370271    -0.4842114104790078                    0.1     0.7094035567783531                     10
       109.999964514431     -0.473022723533207                    0.1      0.711746584131806                     10
      110.9999641918349    -0.3768930703584012                    0.1     0.9056312434832932                     10
      111.9999638692388     -1.203463630470324                    0.1     0.5945835641453543                     10
      112.9999635466428    -0.9685724836361114                    0.1     0.4879889898068692                     10
      113.9999632240467    -0.6393837120388597                    0.1     0.4932430573070811                     10
      114.9999629014506     -0.635513803677757                    0.1     0.4856544728567586                     10
      115.9999625788545    -0.4865639832729693                    0.1     0.6446025544545509                     10
      116.9999622562584      -1.67008788947829                    0.1     0.8490842480735312                     10
      117.9999619336623     -1.567062324201964                    0.1     0.7729017329828662                     10
      118.9999616110663    -0.6597993609047423                    0.1     0.4626961280060713                     10
      119.9999612884702    -0.5509073750789248                    0.1     0.5325111924912019                     10
      120.9999609658741    -0.7154407612884801                    0.1     0.4447227741209061                     10
       121.999960643278      -1.43094882544665                    0.1     0.7265402119375198                     10
      122.9999603206819    -0.9547953707677495                    0.1      0.472134105689003                     10
      123.9999599980859    -0.9785070947770831                    0.1     0.4740222007475761                     10
      124.9999596754898    -0.8339761654192555                    0.1     0.4459434403460494                     10
      125.9999593528937    -0.3570601125546802                    0.1     0.9000981304956434                     10
      126.9999590302976     -1.278385420248485                    0.1      0.615576332921677                     10
      127.9999587077015    -0.4882424446532951                    0.1     0.6017001964773648                     10
      128.9999583851055     -1.760657033410796                    0.1     0.8830107287568397                     10
      129.9999580625094     -1.189314205332914                    0.1     0.5631813967940436                     10
      130.9999577399133     -1.772395812021968                    0.1     0.8613141364529867                     10
      131.9999574173172     -1.662210377928498                    0.1     0.7661873420599415                     10
      132.9999570947211     -1.926350569612916                    0.1     0.9702662468370132                     10
       133.999956772125     -1.837871220625748                    0.1     0.8584725241078751                     10
       134.999956449529    -0.9273591266681394                    0.1      0.441919098313045                     10
      135.9999561269329     -1.989988654852592                    0.1     0.9729991073338259                     10
      136.9999558043368       -2.3356080047407                    0.1      1.085980485013477                     10
      137.9999554817407    -0.8414883476525417                    0.1     0.4325000488609486                     10
      138.9999551591446    -0.6792249303375912                    0.1     0.4312103709953197                     10
      139.9999548365485    -0.4884443445367828                    0.1     0.5853739737450224                     10
      140.9999545139525     -1.008004539964652                    0.1     0.4697032326309066                     10
      141.9999541913564     -1.350032525204521                    0.1      0.650414406985707                     10
      142.9999538687603    -0.3593563744079973                    0.1     0.8456089068765826                     10
      143.9999535461642    -0.9750311894447234                    0.1     0.4407294744459689                     10
      144.9999532235682     -1.135985087611846                    0.1     0.5309780905279955                     10
      145.9999529009721    -0.9972523579870038                    0.1     0.4424383422509544                     10
       146.999952578376     -1.197500019134349                    0.1     0.5344466750726297                     10
      147.9999522557799     -1.253517444565406                    0.1     0.5483665282784217                     10
      148.9999519331838     -1.403751503263579                    0.1      0.664084173967635                     10
      149.9999516105877     -0.770721145206702                    0.1     0.4206638790537819                     10
      150.9999512879916    -0.6670628324490737                    0.1     0.4201119288793148                     10
      151.9999509653956    -0.6143802314703426                    0.1     0.4352757501755178                     10
      152.9999506427995     -1.465775352466579                    0.1     0.6805222741708529                     10
      153.9999503202034     -1.550423018579555                    0.1     0.6944995454182146                     10
      154.9999499976073    -0.9700774881162113                    0.1     0.4190604108653932                     10
      155.9999496750112    -0.7854645699458758                    0.1     0.4074100989146776                     10
      156.9999493524152    -0.9451689816073559                    0.1     0.4020511410727011                     10
      157.9999490298191    -0.6775857046474341                    0.1     0.4009102523221766                     10
       158.999948707223    -0.5757097781489455                    0.1     0.4497532046273792                     10
      159.9999483846269     -2.088346065023439                    0.1     0.9887524357420858                     10
      160.9999480620308     -1.131120522119457                    0.1     0.4964050022656871                     10
      161.9999477394348     -1.888796284746975                    0.1     0.8489873326484794                     10
      162.9999474168387     -2.339902304287419                    0.1       1.03950554157294                     10
      163.9999470942426     -1.204250717270498                    0.1     0.5041758513121963                     10
      164.9999467716465    -0.2961169696466914                    0.1      0.947463051813772                     10
      165.9999464490504    -0.3336837051807144                    0.1      0.841687565749646                     10
      166.9999461264543     -2.155831925065097                    0.1     0.9609571038566631                     10
      167.9999458038583     -1.189464644134326                    0.1     0.4902825605569807                     10
      168.9999454812622     -1.690497574538834                    0.1     0.7333517442962304                     10
      169.9999451586661     -2.301332401184789                    0.1     0.9723279973398631                     10
        170.99994483607    -0.5395834972089093                    0.1     0.4752524642911762                     10
      171.9999445134739     -1.908696130423111                    0.1     0.8300150855596722                     10
      172.9999441908778    -0.8584724430278183                    0.1     0.3922732189679928                     10
      173.9999438682818     -1.990671371825864                    0.1     0.8648954610727528                     10
      174.9999435456857     -2.047699134227592                    0.1     0.8701956224906666                     10
      175.9999432230896      -1.59527311444985                    0.1     0.6782541482912434                     10
      176.9999429004935     -2.094177666636557                    0.1     0.8611553509499478                     10
      177.9999425778975    -0.6035962886222441                    0.1     0.4130996944416801                     10
      178.9999422553014    -0.7705738238730671                    0.1     0.3871229761392662                     10
      179.9999419327053    -0.7644060347844355                    0.1     0.3805760547566999                     10
      180.9999416101092    -0.8543942251340237                    0.1     0.3781935765575328                     10
      181.9999412875131     -1.681445193598974                    0.1     0.6929683828377129                     10
       182.999940964917    -0.8235836223121957                    0.1     0.3730326024660006                     10
       183.999940642321     -1.540498901695345                    0.1     0.6436155575914864                     10
      184.9999403197249     -1.037129553400065                    0.1     0.4315488163513727                     10
      185.9999399971288     -1.032061935919244                    0.1     0.4209817742942207                     10
      186.9999396745327     -1.595438143357552                    0.1     0.6333422531751266                     10
      187.9999393519366     -1.365383231213639                    0.1     0.5924773162011271                     10
      188.9999390293405    -0.6847969641598228                    0.1     0.3691360847973533                     10
      189.9999387067445       -1.3446822923773                    0.1     0.5648770238549068                     10
      190.9999383841484     -1.106522552491923                    0.1     0.4518864427113985                     10
      191.9999380615523    -0.9393782219650397                    0.1     0.3680827165168283                     10
      192.9999377389562    -0.4408064109515837                    0.1       0.60470490051153                     10
      193.9999374163601     -0.832517402138512                    0.1     0.3608234367895318                     10
      194.9999370937641     -1.402799257050631                    0.1     0.5857889758903806                     10
       195.999936771168     -0.712337300958376                    0.1     0.3577041415258943                     10
      196.9999364485719    -0.7841583902555678                    0.1     0.3530174381425615                     10
      197.9999361259758    -0.3992722384142984                    0.1     0.6679730375511457                     10
      198.9999358033797     -1.171984271526636                    0.1     0.4588975673473994                     10
      199.9999354807836     -1.462742144383349                    0.1     0.5909579970549826                     10
      200.9999351581876    -0.5264943640133151                    0.1     0.4571892596741832                     10
      201.9999348355915     -1.926701886730002                    0.1     0.7720160276975275                     10
      202.9999345129954     -0.732365538390843                    0.1     0.3466651200465771                     10
      203.9999341903993     -1.466806037199885                    0.1     0.5780254586992263                     10
      204.9999338678032     -1.372207576888507                    0.1     0.5390028103243552                     10
      205.9999335452071     -1.116702501974477                    0.1     0.4380150266519589                     10
      206.9999332226111     -1.442888119782263                    0.1     0.5503400983340154                     10
       207.999932900015     -2.234922268408244                    0.1     0.8991250035556256                     10
      208.9999325774189    -0.9553130820352391                    0.1     0.3602166483902866                     10
      209.9999322548228     -2.144671097778502                    0.1     0.8322038445475911                     10
      210.9999319322268    -0.6817335488307061                    0.1     0.3475022818410229                     10
      211.9999316096307    -0.8151001409091094                    0.1     0.3412609575491756                     10
      212.9999312870346     -2.120260534619953                    0.1     0.7974609230010451                     10
      213.9999309644385     -0.990516226830475                    0.1     0.3682644653743058                     10
      214.9999306418424    -0.7584308774742976                    0.1      0.333856544361572                     10
      215.9999303192463    -0.8738963515525495                    0.1     0.3337135657095284                     10
      216.9999299966503     -1.420106009378832                    0.1     0.5321845130522945                     10
      217.9999296740542       -1.2801940423278                    0.1     0.4743477095480286                     10
      218.9999293514581     -0.627856157324183                    0.1     0.3601381806845279                     10
       219.999929028862      -0.75125861960248                    0.1     0.3250244227071157                     10
      220.9999287062659     -1.743744295891496                    0.1     0.6938461675663943                     10
      221.9999283836698     -2.479314252612655                    0.1      1.064983928447194                     10
      222.9999280610738      -1.15853377274046                    0.1     0.4326829631454428                     10
      223.9999277384777     -1.875676634996375                    0.1      0.725668604687582                     10
      224.9999274158816     -1.336031445618542                    0.1     0.4870879149613199                     10
      225.9999270932855    -0.7261214435232397                    0.1     0.3214624087273388                     10
      226.9999267706894      -1.09705877411041                    0.1     0.4101993218049662                     10
      227.9999264480934     -1.649056072537441                    0.1     0.6144296296578389                     10
      228.9999261254973      -1.39307655038772                    0.1     0.4994019436921518                     10
      229.9999258029012    -0.4994530453513077                    0.1     0.4749327420212626                     10
      230.9999254803051     -1.036470410659697                    0.1     0.3775169214827767                     10
       231.999925157709    -0.5736931362616751                    0.1     0.3859673735266143                     10
      232.9999248351129    -0.3431261658780329                    0.1     0.7557318510774067                     10
      233.9999245125169     -1.390000592702545                    0.1     0.4884045523234574                     10
      234.9999241899208      -1.68257405213402                    0.1      0.618317606178058                     10
      235.9999238673247    -0.9232420369586245                    0.1     0.3291951681521302                     10
      236.9999235447286     -1.494084975080789                    0.1     0.5216756220423656                     10
      237.9999232221325     -1.296874319688515                    0.1     0.4468034269414389                     10
      238.9999228995364    -0.7546542514117116                    0.1      0.314629846432011                     10
      239.9999225769404     -2.214445433058225                    0.1     0.8183120492684492                     10
      240.9999222543443     -2.381140047923965                    0.1     0.9366969538802166                     10
      241.9999219317482      0.578180395900278                    0.1      1.111111111111111                     10
      242.9999216091521     0.7930136888901571                    0.1      1.106197614544823                     10
      243.9999212865561       1.09831030156084                    0.1      1.110644882004192                     10
