#! FIELDS time d1 d2 d3 d4 d5 d6 cv b1.bias
 0.100000 1.464240 2.538506 3.245009 2.785916 3.175224 1.349880 -1.585864 0.000000
 0.200000 1.428800 2.540677 3.178143 2.706191 2.988706 1.322688 -1.590011 4.998925
 0.300000 1.421731 2.943477 3.010251 3.040163 3.037181 1.353576 -1.796346 5.692793
 0.400000 1.390273 3.207063 2.929279 2.995931 3.165445 1.326041 -1.970997 4.824539
 0.500000 1.543145 2.611131 3.247956 2.779279 3.090619 1.368804 -1.577641 13.105703
 0.600000 1.464360 2.130235 3.202545 2.140691 3.171715 1.339785 -1.312639 5.945819
 0.700000 1.419986 2.225903 2.968066 2.768609 3.047376 1.313120 -1.322488 11.123463
 0.800000 1.503450 1.783283 3.271525 2.272455 3.121103 1.342405 -1.078902 5.165190
 0.900000 1.519683 2.441758 3.178659 2.793151 3.027760 1.335943 -1.462998 21.170138
 1.000000 1.447102 3.041718 3.229776 2.801097 3.243189 1.334243 -1.926018 12.266583
 1.100000 1.445244 2.956586 3.340841 2.923866 3.123584 1.320252 -1.906164 17.577550
 1.200000 1.430460 3.252579 3.247964 3.063995 3.204796 1.319126 -2.079984 12.922815
 1.300000 1.438038 2.649477 3.118897 2.480656 3.178406 1.320807 -1.642605 27.775186
 1.400000 1.525184 1.993412 3.234486 2.473470 3.115215 1.321430 -1.191190 15.830984
 1.500000 1.511226 1.983766 3.121264 2.639301 3.072434 1.324265 -1.153784 18.363541
 1.599999 1.443843 2.688613 3.011581 2.939480 3.323488 1.338591 -1.624448 32.451986
 1.699999 1.452548 2.938528 2.985443 2.903743 3.228209 1.357940 -1.769420 33.403324
 1.799999 1.433428 2.832817 3.313363 2.693448 2.929663 1.331262 -1.820502 35.345040
 1.899999 1.417267 3.064049 3.181380 2.884185 2.983102 1.321644 -1.940116 32.198174
 1.999999 1.397880 3.170564 3.250178 2.965492 3.347757 1.346794 -2.048186 26.850249
 2.099999 1.405295 3.197667 3.084433 2.978923 3.155332 1.343415 -2.003041 34.896742
 2.199999 1.515781 2.468270 3.176997 2.439268 3.233152 1.312504 -1.494310 38.299986
 2.299999 1.495941 2.410635 3.101528 3.182903 2.945446 1.335870 -1.426972 38.718719
 2.399999 1.550118 1.809683 3.292273 2.249199 3.179706 1.355349 -1.071632 19.257974
 2.499999 1.525277 1.802142 3.118308 2.178001 3.116131 1.336724 -1.028417 20.307886
 2.599999 1.529512 2.147498 3.179408 2.851526 3.085921 1.339094 -1.263797 37.596552
 2.699999 1.505184 1.802493 3.151031 2.332080 2.954097 1.318665 -1.050400 28.246617
 2.799999 1.538580 2.378854 3.123459 2.992135 3.179292 1.367104 -1.387238 46.339472
 2.899999 1.532609 1.844683 3.052996 2.348019 3.088122 1.324701 -1.029484 31.111287
 2.999999 1.496382 2.298751 3.284918 2.937396 3.188154 1.318225 -1.424003 50.994001
 3.099999 1.570473 1.790205 2.933250 2.292751 3.020310 1.323433 -0.928825 24.668887
 3.199999 1.455900 3.249920 2.914954 3.305101 3.342702 1.325400 -1.951456 42.973097
 3.299999 1.463177 1.948868 3.114509 2.450478 3.090525 1.339687 -1.160472 48.024129
 3.399999 1.464132 2.275716 3.226060 2.728353 3.129015 1.330347 -1.410059 55.985335
 3.499999 1.433741 3.417737 3.019891 3.100952 3.120997 1.306809 -2.111118 30.556821
 3.599999 1.354299 3.398121 3.239002 2.896386 3.178133 1.340938 -2.220722 21.057282
 3.699999 1.438947 2.796056 3.230514 2.917023 2.936362 1.318154 -1.765304 54.888601
 3.799999 1.410076 3.269598 3.104299 3.065192 3.165406 1.325315 -2.055688 44.859453
 3.899999 1.463756 3.103620 3.124369 2.966834 3.240864 1.319798 -1.921439 57.451978
 3.999999 1.509940 2.380805 3.172280 2.612602 3.126553 1.380601 -1.424410 60.082732
 4.099999 1.459485 2.343068 3.145468 2.881321 3.065688 1.340317 -1.426302 63.156461
 4.199999 1.488893 1.825047 3.045266 2.154446 3.194060 1.329160 -1.046618 45.036783
 4.299999 1.551348 1.733455 3.066146 2.448968 2.928488 1.328574 -0.943375 35.798156
 4.399999 1.429921 2.093083 3.265303 2.639054 3.148015 1.324423 -1.328048 66.004550
 4.499999 1.532669 1.721953 2.888364 2.222837 3.026588 1.365759 -0.888574 32.291430
 4.599999 1.549915 1.563382 3.103282 2.108419 3.013369 1.336634 -0.849197 30.578634
 4.699998 1.579739 1.528200 3.069214 2.095102 3.020998 1.361728 -0.791597 26.572836
 4.799998 1.424373 3.058001 3.043873 3.404826 3.216198 1.292728 -1.890057 61.899355
 4.899998 1.447665 2.719833 3.017097 2.612647 3.212943 1.333048 -1.646356 66.252815
 4.999998 1.445460 3.585858 3.048994 3.164466 3.034118 1.316190 -2.219209 30.021798
 5.099998 1.464127 3.309537 3.411595 3.034338 3.137295 1.331311 -2.145761 44.547425
 5.199998 1.438433 3.250599 3.252019 3.094402 3.189534 1.328266 -2.072656 57.455711
 5.299998 1.416769 3.328130 3.044516 2.781507 3.175510 1.353148 -2.069015 60.987096
 5.399998 1.469738 3.313790 3.424206 3.003547 3.152556 1.311977 -2.152673 52.703808
 5.499998 1.384516 3.463288 3.308315 3.148274 3.068832 1.315493 -2.265161 36.999828
 5.599998 1.403919 3.591555 3.277208 3.146957 3.167775 1.318535 -2.327891 30.237421
 5.699998 1.475957 2.495185 3.112054 2.068894 3.030209 1.337614 -1.512859 71.224365
 5.799998 1.453355 2.821909 3.006333 2.366612 3.076617 1.346986 -1.703681 72.302694
 5.899998 1.517237 2.799514 3.162921 2.972602 3.045688 1.319648 -1.695102 75.040916
 5.999998 1.489410 2.501009 2.922152 2.993078 3.092348 1.317057 -1.439865 76.510041
 6.099998 1.511448 1.657652 3.110995 2.089286 3.118668 1.374105 -0.935534 49.439106
 6.199998 1.635943 1.667010 3.108868 2.128594 3.131566 1.354511 -0.861600 43.152215
 6.299998 1.453982 2.390580 3.103883 2.781609 3.293103 1.321338 -1.456320 79.654136
 6.399998 1.481546 2.282506 3.048153 2.474793 3.094437 1.375458 -1.339629 78.851114
 6.499998 1.395278 2.846743 3.074004 3.102146 3.040341 1.335419 -1.773521 79.899108
 6.599998 1.456270 2.995812 3.106919 2.956902 3.018565 1.363791 -1.838477 82.317374
 6.699998 1.396696 2.966299 3.137580 3.074100 3.105184 1.375329 -1.867270 84.692356
 6.799998 1.388760 2.812091 3.015597 2.380031 3.202400 1.340667 -1.746462 87.025667
 6.899998 1.423662 3.409798 3.314572 3.089220 3.204132 1.356230 -2.203343 56.156065
 6.999998 1.387597 3.437335 3.262801 3.120153 3.066746 1.315594 -2.231421 54.391148
 7.099998 1.393881 3.590475 3.288140 3.215536 3.125919 1.292462 -2.339863 37.890477
 7.199998 1.459832 3.256759 3.278933 3.072854 3.087021 1.357942 -2.064804 83.096896
 7.299998 1.412254 3.395262 3.092037 3.067361 3.048119 1.330512 -2.129359 78.500520
 7.399998 1.394712 3.211072 3.220880 2.790355 3.213873 1.311505 -2.071898 87.501811
 7.499998 1.482289 2.180298 3.269076 1.888411 3.108291 1.328632 -1.358646 83.120055
 7.599998 1.391964 3.117218 3.168519 2.848716 2.852106 1.334775 -1.983080 95.139204
 7.699998 1.454817 3.623150 3.203370 3.120916 3.221502 1.321832 -2.291652 55.453670
 7.799997 1.382029 3.442268 3.271055 2.983041 3.183966 1.309945 -2.245901 67.922427
 7.899997 1.342103 3.421532 3.281294 3.026052 3.128065 1.328410 -2.257502 68.479770
 7.999997 1.425087 3.423724 3.210199 2.909893 3.139333 1.323286 -2.183087 84.846975
 8.099997 1.383339 3.462365 3.233684 3.007526 3.144964 1.321543 -2.243053 76.585425
 8.199997 1.405282 3.529437 3.262329 3.122712 3.117399 1.302433 -2.283097 70.879344
 8.299997 1.427186 3.567382 3.455105 3.238914 3.304372 1.295175 -2.360529 55.831318
 8.399997 1.404635 3.756759 3.138316 3.167044 3.200742 1.361413 -2.383974 53.495652
 8.499997 1.447263 2.326752 3.108510 1.902160 3.099654 1.309340 -1.427902 88.374293
 8.599997 1.463287 2.127571 3.234645 2.903869 2.995613 1.335544 -1.310702 85.338658
 8.699997 1.551312 2.043176 2.967771 2.363973 3.150753 1.332842 -1.119242 74.837436
 8.799997 1.550450 1.686305 3.022093 2.241045 2.973775 1.351450 -0.898235 53.884027
 8.899997 1.554946 1.705685 3.042129 2.342352 2.983162 1.366759 -0.911228 58.950356
 8.999997 1.524730 1.924397 3.030257 2.261814 3.068269 1.326724 -1.079740 78.750232
 9.099997 1.438963 2.773865 3.094396 2.963363 3.115040 1.317117 -1.709494 94.100675
 9.199997 1.536208 1.919401 3.077263 2.445235 3.058066 1.324523 -1.082408 81.560915
 9.299997 1.515955 1.821489 3.059671 2.344758 3.048704 1.346573 -1.023241 79.576616
 9.399997 1.456501 2.353377 3.254626 2.905877 3.081988 1.358412 -1.468072 96.469063
 9.499997 1.423130 2.711179 3.103576 2.880320 3.044646 1.318804 -1.681019 97.328315
 9.599997 1.454713 2.818145 2.978542 2.846041 3.096217 1.343328 -1.686911 99.608513
 9.699997 1.438347 2.558747 3.104971 2.950542 3.143756 1.335453 -1.570118 101.836801
 9.799997 1.679118 1.375878 3.062785 1.918083 3.020341 1.394081 -0.620729 17.241109
 9.899997 1.423641 2.362242 2.958967 2.892871 3.047551 1.318979 -1.404243 101.406665
 9.999997 1.594458 1.612600 2.971622 2.190325 2.999146 1.324069 -0.809630 52.250486
 10.099997 1.670418 1.464216 3.072051 2.187059 2.975652 1.386717 -0.684729 33.303501
 10.199997 1.440879 2.012469 3.031124 2.507044 3.050416 1.379756 -1.181827 94.194942
 10.299997 1.457156 2.227710 3.092103 2.633375 3.115032 1.344686 -1.337740 102.696594
 10.399997 1.699866 1.574620 2.981669 2.016216 3.136582 1.358278 -0.717767 42.826680
 10.499997 1.511169 2.022607 3.040057 2.653028 2.939261 1.328935 -1.148985 96.886621
 10.599997 1.465898 2.482621 3.211509 3.072652 3.184820 1.357966 -1.532897 107.902632
 10.699997 1.407938 2.776252 3.031303 3.030869 3.183630 1.344123 -1.707331 106.285322
 10.799997 1.491496 3.075671 3.016561 3.022460 2.985159 1.345574 -1.839380 107.935875
 10.899996 1.429789 2.792171 3.249167 2.419967 3.063486 1.307121 -1.784796 109.724787
 10.999996 1.433190 2.995785 3.176875 2.584088 3.026639 1.337052 -1.885128 112.194276
 11.099996 1.463509 2.865747 3.030424 2.433816 3.170718 1.352935 -1.733931 113.315183
 11.199996 1.419087 2.919003 3.047762 3.049811 3.029970 1.308182 -1.801212 115.491194
 11.299996 1.441032 2.405035 3.167800 2.575485 3.074256 1.329443 -1.491726 114.527871
 11.399996 1.513318 1.995198 3.043635 2.538841 3.118842 1.320892 -1.137047 99.377309
 11.499996 1.586944 1.557844 3.043607 2.285211 2.926792 1.352353 -0.795284 60.843939
 11.599996 1.667694 1.417715 3.243255 2.191450 2.971676 1.395597 -0.710654 48.325696
 11.699996 1.607223 1.600019 2.941722 2.188448 2.985188 1.346527 -0.779334 64.162455
 11.799996 1.762846 1.378752 3.071725 2.102515 3.003478 1.388988 -0.568620 29.117207
 11.899996 1.484520 1.960755 3.112038 2.400360 3.213587 1.321211 -1.159387 104.172547
 11.999996 1.515810 2.073626 2.894755 2.650366 3.011483 1.345317 -1.130700 105.167115
 12.099996 1.417702 2.210579 3.013515 2.467892 3.256402 1.315563 -1.336166 114.291737
 12.199996 1.540179 2.047740 3.131553 2.651229 3.108470 1.328836 -1.179896 110.580258
 12.299996 1.439309 2.078005 3.169232 2.706325 3.056590 1.320212 -1.278442 116.107769
 12.399996 1.528404 2.998844 3.012894 3.076722 3.121798 1.359721 -1.763434 118.433464
 12.499996 1.390443 3.274868 3.302638 2.998129 3.261464 1.322262 -2.140412 104.965318
 12.599996 1.424341 3.204280 3.226675 2.894799 2.977157 1.328105 -2.041032 115.971533
 12.699996 1.431735 2.590017 3.104745 2.435893 3.121898 1.316069 -1.603173 121.543342
 12.799996 1.427253 3.056001 3.041748 3.033764 3.183565 1.290270 -1.889927 122.396249
 12.899996 1.515628 1.822080 3.049289 2.332828 3.032149 1.345004 -1.020470 104.000545
 12.999996 1.401370 2.849392 3.067785 3.066586 3.040988 1.333404 -1.769913 124.296738
 13.099996 1.425143 2.373093 3.163255 2.271680 3.207437 1.320514 -1.487324 124.466693
 13.199996 1.459398 2.520265 3.356801 2.402323 3.138213 1.327842 -1.620668 126.883326
 13.299996 1.410341 3.050256 3.153111 3.059474 2.963125 1.338939 -1.921311 125.993232
 13.399996 1.465441 2.902012 3.025107 2.543860 3.196653 1.332575 -1.757232 129.465426
 13.499996 1.417771 3.707647 3.237005 3.338864 3.165581 1.304847 -2.381696 59.227060
 13.599996 1.413785 3.505963 3.340984 3.262900 3.205127 1.325703 -2.284523 86.059184
 13.699996 1.388902 3.591576 3.178663 3.091273 3.218433 1.337732 -2.304171 83.914740
 13.799996 1.417437 3.575880 3.460205 3.265363 3.221038 1.365208 -2.361184 72.161033
 13.899996 1.414388 3.418627 3.204804 3.038280 3.210217 1.342787 -2.182061 112.629198
 13.999995 1.450979 3.263363 3.095644 2.914669 3.012121 1.331358 -2.019210 128.812592
 14.099995 1.467440 2.118704 3.272039 2.083217 3.126139 1.374141 -1.320114 122.965684
 14.199995 1.634676 1.676133 2.988657 2.433798 2.853321 1.362811 -0.818489 78.709773
 14.299995 1.611200 1.540138 2.990865 2.114748 3.004098 1.348304 -0.754471 69.547113
 14.399995 1.604717 1.566414 2.892102 2.204131 2.919541 1.351378 -0.740358 69.664678
 14.499995 1.523786 1.911078 3.172411 2.471838 3.177586 1.378140 -1.110167 116.164596
 14.599995 1.418869 2.152396 3.171710 2.739081 3.166825 1.378484 -1.334372 126.557161
 14.699995 1.456658 2.389469 3.006497 3.012371 3.047108 1.373088 -1.406050 130.281964
 14.799995 1.538031 1.816959 3.148269 2.510485 2.974760 1.359339 -1.029357 113.951587
 14.899995 1.723575 1.445935 3.041105 2.095880 3.029787 1.373946 -0.631595 50.993451
 14.999995 1.755884 1.423183 3.014329 2.154020 2.981246 1.383304 -0.583402 44.520979
 15.099995 1.681258 1.419024 3.076009 2.150044 2.957621 1.372584 -0.651463 61.663251
 15.199995 1.551108 1.875276 3.122092 2.364640 3.196106 1.330215 -1.061208 119.239303
 15.299995 1.468302 2.628600 3.132135 3.233942 3.163196 1.364346 -1.597806 133.328328
 15.399995 1.584804 1.582477 2.962330 2.173782 2.990586 1.364727 -0.786822 90.343991
 15.499995 1.545079 1.600126 3.054333 2.188445 3.002201 1.344970 -0.858020 103.450284
 15.599995 1.524831 2.359741 3.101240 2.834516 3.084552 1.360229 -1.377324 133.295177
 15.699995 1.469892 2.262934 3.025146 2.431528 3.077118 1.316199 -1.336363 133.904641
 15.799995 1.485955 2.736192 3.098198 3.048629 3.175146 1.333183 -1.652768 135.860815
 15.899995 1.450604 2.093329 3.261791 2.457886 3.270476 1.286529 -1.323900 135.650438
 15.999995 1.463117 2.133598 3.233917 2.835051 3.026568 1.342919 -1.314779 136.991329
 16.099995 1.494587 1.930325 2.991458 2.338015 3.120264 1.323557 -1.091579 127.893970
 16.199995 1.541044 1.948735 3.081587 2.353001 3.247250 1.336113 -1.103040 130.329370
 16.299995 1.499746 1.957343 3.099294 2.644645 3.021296 1.333789 -1.134205 133.759154
 16.399995 1.567308 1.736445 3.049995 2.165912 3.160715 1.357281 -0.932973 118.650949
 16.499995 1.578357 1.699526 2.819950 2.174450 2.999332 1.306344 -0.830510 105.605739
 16.599995 1.773347 1.341018 2.975106 1.974299 3.017115 1.421406 -0.501842 37.125398
 16.699995 2.383782 1.171459 2.615728 2.169176 2.977100 1.467668 0.141010 0.021067
 16.799995 2.807034 1.116302 2.109542 2.180188 2.964997 1.508265 0.629741 0.252471
 16.899995 2.705121 1.186292 2.065492 2.157559 2.842425 1.458386 0.525405 5.143296
 16.999995 3.146585 1.129256 2.001499 2.164312 2.952425 1.534936 0.885401 3.152911
 17.099994 2.988005 1.136953 2.006839 2.073312 2.813049 1.470455 0.765581 10.403191
 17.199994 3.106513 1.037737 2.040686 2.165596 2.845228 1.491590 0.901555 11.300412
 17.299994 2.710703 1.123676 2.083130 2.184672 2.833579 1.491369 0.570047 15.356207
 17.399994 2.850652 1.169426 2.064754 2.257454 2.951366 1.507689 0.639458 21.417392
 17.499994 2.726950 1.064455 1.906395 2.133796 2.881632 1.553519 0.685794 25.959898
 17.599994 3.135890 1.047094 1.978479 2.252107 2.940720 1.537735 0.941431 18.221077
 17.699994 3.125102 1.069187 1.931296 2.139706 2.763714 1.558762 0.941065 22.554498
 17.799994 3.399075 0.998164 1.999271 2.173263 2.875846 1.530949 1.140104 11.162961
 17.899994 2.551426 1.096812 2.052188 2.069067 2.822047 1.478522 0.489491 23.133322
 17.999994 2.940381 1.023531 2.018873 2.168507 2.914984 1.513668 0.810250 35.739198
 18.099994 3.335884 1.090553 2.022618 2.130932 2.908019 1.506157 1.025036 26.262800
 18.199994 3.070531 1.083209 1.992255 2.143094 2.856645 1.574600 0.876372 39.877208
 18.299994 2.905314 1.055618 1.950490 2.169316 2.818448 1.458322 0.781798 45.246555
 18.399994 2.349683 1.148613 1.998289 2.183516 2.625394 1.519309 0.351629 17.869949
 18.499994 3.167785 1.090064 2.017028 2.250400 3.054859 1.522951 0.916945 44.304349
 18.599994 2.916201 1.148954 2.068559 2.172248 2.819724 1.472705 0.691303 49.183786
 18.699994 3.267517 1.084384 2.056042 2.066135 2.976285 1.488890 0.968073 44.893313
 18.799994 3.227286 1.094020 2.045839 2.079121 2.830332 1.495995 0.942828 50.780463
 18.899994 3.416582 1.047286 1.929915 2.299474 2.915802 1.577651 1.150082 27.517578
 18.999994 2.558163 1.188030 1.957165 2.072934 2.750065 1.492134 0.468964 34.258230
 19.099994 2.702851 1.199769 2.071126 2.143284 2.929760 1.515675 0.520219 43.279356
 19.199994 2.497412 1.169864 2.110097 2.069704 2.758299 1.497640 0.391219 32.949015
 19.299994 2.509463 1.141968 2.072487 2.121627 2.856133 1.550589 0.436650 41.630532
 19.399994 2.384127 1.209201 1.957886 2.085418 2.773280 1.498054 0.340381 34.469008
 19.499994 2.747452 1.108170 2.017631 2.204868 2.818126 1.521583 0.631284 61.841524
 19.599994 3.012509 1.147500 2.017252 2.242261 2.921648 1.490133 0.774111 66.956745
 19.699994 3.448929 1.093181 1.944614 2.179558 2.873206 1.551709 1.132038 34.753898
 19.799994 3.596007 1.075862 1.939622 2.030977 2.814009 1.507209 1.234878 24.173343
 19.899994 3.679507 1.066136 1.988531 2.056390 2.884234 1.532883 1.283244 22.352509
 19.999994 3.537119 1.098977 1.928305 2.098322 2.764613 1.506709 1.186200 38.419794
 20.099994 3.497003 1.088390 1.981571 2.093150 2.869697 1.478210 1.142419 47.509611
 20.199993 3.178702 1.109270 1.992926 2.204082 2.889826 1.569969 0.929805 69.453759
 20.299993 2.825700 1.075531 2.041428 2.167611 2.860541 1.492305 0.690715 71.564182
 20.399993 2.293983 1.138424 2.080017 2.113117 2.690917 1.469539 0.284723 33.052059
 20.499993 2.649331 1.099299 1.963342 2.128009 2.901816 1.565178 0.594295 69.662417
 20.599993 2.283888 1.151656 2.021647 2.059707 2.671010 1.491715 0.291828 38.659586
 20.699993 2.838307 1.107717 2.005780 2.194029 2.924266 1.504803 0.690541 77.845664
 20.799993 2.403912 1.124927 2.107238 2.082583 2.788389 1.476684 0.356051 51.326532
 20.899993 2.418711 1.117164 2.067280 2.034177 2.875448 1.531579 0.390290 59.000561
 20.999993 2.714583 1.159402 2.085714 2.134718 2.970385 1.502552 0.546662 76.852070
 21.099993 2.235664 1.180787 2.055062 2.136436 2.656380 1.483850 0.229799 39.977497
 21.199993 2.589809 1.138413 1.935883 2.191666 2.798742 1.547778 0.538431 80.076998
 21.299993 2.979429 1.100470 1.921960 2.197887 2.878273 1.494353 0.815438 83.590372
 21.399993 3.472629 1.068798 1.985435 2.188051 2.923911 1.516893 1.143872 53.507502
 21.499993 3.707369 1.041211 1.943070 2.168246 2.899119 1.558909 1.337927 27.773537
 21.599993 3.717180 1.088718 1.943369 2.197247 2.700157 1.569943 1.319379 34.392783
 21.699993 3.718443 1.041325 1.936939 2.119525 2.848357 1.476522 1.334779 35.971488
 21.799993 3.736149 1.047589 1.962277 2.056131 2.868640 1.519674 1.339714 38.979685
 21.899993 3.717161 1.032627 1.940034 2.147463 2.884038 1.596328 1.356990 40.137283
 21.999993 3.723242 1.047036 1.968054 2.245729 2.722355 1.595006 1.346635 45.218138
 22.099993 3.649101 1.082716 1.965541 2.171536 2.899910 1.566149 1.265971 59.107207
 22.199993 2.906395 1.111188 1.990374 2.128974 2.750040 1.487668 0.738577 89.091227
 22.299993 2.872447 1.091867 2.011234 2.282207 2.902725 1.548420 0.729987 91.541168
 22.399993 2.483529 1.176823 2.127703 2.217284 2.613787 1.499386 0.376635 68.038317
 22.499993 3.122973 1.080848 1.936835 2.284225 2.965313 1.545710 0.925499 87.358288
 22.599993 2.993271 1.102689 1.981220 2.193117 2.854355 1.530386 0.809802 94.845253
 22.699993 3.371540 1.134615 1.955539 2.126474 2.800112 1.492182 1.041726 83.659212
 22.799993 3.206092 1.085718 1.968635 2.204149 2.922551 1.527224 0.963930 91.583884
 22.899993 2.329927 1.167702 2.033927 2.037595 2.807150 1.536357 0.311613 60.905490
 22.999993 2.609902 1.195196 2.103186 2.214230 2.840427 1.507634 0.452658 83.869711
 23.099993 3.041386 1.102061 2.025124 2.256899 2.895958 1.526381 0.826816 100.448942
 23.199993 3.181738 1.110231 2.085455 2.218424 2.904851 1.615876 0.907881 99.344765
 23.299992 3.243088 1.095057 2.035379 2.233465 2.947625 1.471622 0.951433 98.826889
 23.399992 2.054291 1.252670 2.080058 2.034638 2.700171 1.486693 0.052964 21.438298
 23.499992 2.552600 1.145388 2.064771 2.114280 2.901668 1.522516 0.460006 88.423007
 23.599992 2.086739 1.222743 2.122701 2.142567 2.665069 1.522193 0.087556 30.855938
 23.699992 3.034447 1.080873 2.039426 2.218898 3.039687 1.540052 0.830147 106.906989
 23.799992 2.431308 1.154035 2.062527 2.158083 2.769033 1.533875 0.379946 82.062969
 23.899992 2.294699 1.111394 2.077481 2.177481 2.653165 1.528992 0.314595 74.728392
 23.999992 2.464423 1.163528 1.997507 2.167253 2.751007 1.496257 0.411508 91.164796
 24.099992 2.376865 1.200072 2.018000 2.142602 2.735109 1.506596 0.324624 81.220274
 24.199992 2.104604 1.224617 2.103191 2.081297 2.682848 1.478507 0.096628 40.574088
 24.299992 2.358435 1.132415 2.035744 2.056796 2.713396 1.486117 0.347301 89.008254
 24.399992 3.229216 1.039867 1.950668 2.296700 3.043392 1.605681 1.025984 96.295079
 24.499992 3.051156 1.149907 2.059000 2.248557 2.792084 1.541051 0.795168 111.807829
 24.599992 3.364652 1.094368 2.039052 2.237677 2.971457 1.546084 1.042270 97.827355
 24.699992 3.206221 1.073218 1.954692 2.163973 2.876122 1.519184 0.976059 106.684231
 24.799992 3.396909 1.100781 1.939263 2.196138 2.871469 1.548872 1.094196 95.682596
 24.899992 3.376413 1.091532 1.965292 2.162970 2.872964 1.458777 1.063637 101.778507
 24.999992 3.334042 1.105778 1.990534 2.280104 2.937160 1.545712 1.031594 107.569663
 25.099992 2.502609 1.173384 2.074156 2.065394 2.838612 1.504093 0.403413 98.760699
 25.199992 2.814004 1.090954 2.009070 2.297673 2.820693 1.525682 0.690988 116.501137
 25.299992 2.569833 1.149814 2.107456 2.100918 2.850855 1.487472 0.449911 106.428279
 25.399992 3.152250 1.071114 2.015068 2.232523 2.885674 1.508434 0.920827 119.072254
 25.499992 3.107017 1.168924 2.022491 2.077448 2.928601 1.502185 0.820741 123.137532
 25.599992 3.563177 1.097988 1.971600 2.275174 2.988160 1.557859 1.195155 87.697023
 25.699992 3.386232 0.981420 1.917595 2.160889 2.838588 1.534852 1.170648 94.447593
 25.799992 3.239525 1.042120 1.988336 2.204100 2.773673 1.531975 1.012040 118.348233
 25.899992 3.146239 1.074958 1.986713 2.234922 2.907749 1.530280 0.926625 126.068374
 25.999992 2.564648 1.095443 2.026532 2.181620 2.752655 1.534436 0.519018 114.518363
 26.099992 2.208751 1.155686 2.047721 2.004638 2.698340 1.480450 0.228019 74.507814
 26.199992 2.444409 1.181643 2.054670 2.260787 2.706358 1.522449 0.373725 103.747861
 26.299992 3.346625 1.103522 2.070053 2.255956 2.989581 1.554973 1.015396 121.641922
 26.399991 2.763502 1.118001 1.985648 2.110008 2.722984 1.482335 0.640727 124.216405
 26.499991 2.764360 1.112433 1.962613 2.160939 2.792661 1.500708 0.654485 126.555249
 26.599991 2.731688 1.127252 1.988877 2.252426 2.837157 1.527672 0.618858 126.914273
 26.699991 2.129125 1.198559 2.139536 2.091720 2.718981 1.519958 0.123873 55.738704
 26.799991 2.152061 1.185979 2.167189 2.038138 2.771731 1.496007 0.132759 60.889398
 26.899991 2.083388 1.165218 2.013865 1.927589 2.712742 1.476409 0.148221 67.385294
 26.999991 2.158638 1.238886 2.126629 2.038627 2.804681 1.518902 0.118611 63.619706
 27.099991 2.310479 1.121852 2.200390 2.078421 2.804360 1.496032 0.268412 97.979387
 27.199991 2.279087 1.131634 2.065758 2.101367 2.732424 1.541612 0.294323 104.721742
 27.299991 2.608695 1.116081 1.925420 2.118657 2.852418 1.536598 0.565311 129.030853
 27.399991 2.704522 1.118379 1.969878 2.185235 2.881607 1.539965 0.613211 131.912155
 27.499991 2.760107 1.091640 1.995917 2.112974 2.895276 1.521724 0.655007 134.482787
 27.599991 3.463977 1.073843 1.939393 2.292051 2.922998 1.535410 1.154016 103.778568
 27.699991 3.750793 1.064228 1.936130 2.165253 2.771616 1.471812 1.342779 64.963220
 27.799991 3.776738 1.035578 2.034645 2.184948 2.904218 1.555630 1.357002 64.563293
 27.899991 3.734781 1.068518 1.938189 2.149498 2.927953 1.547538 1.337138 72.158273
 27.999991 3.680725 1.008198 1.922205 2.105637 2.779660 1.551818 1.349522 72.024941
 28.099991 3.751386 1.023087 2.008842 2.149720 2.842771 1.564135 1.359139 72.535078
 28.199991 3.620288 0.975292 1.931048 1.983182 2.860026 1.584847 1.330411 81.988287
 28.299991 3.709516 1.082889 1.909365 2.100853 2.789102 1.513504 1.317502 87.444394
 28.399991 3.736624 0.984431 1.954524 2.199384 2.843954 1.571767 1.394275 71.530284
 28.499991 3.736493 1.038859 1.997717 2.012788 2.949453 1.549573 1.336564 88.238300
 28.599991 3.780198 1.056578 1.884619 2.236814 2.793889 1.559466 1.398210 75.626729
 28.699991 3.753409 0.992809 1.988748 2.091969 2.857236 1.485441 1.373635 84.513552
 28.799991 3.785870 1.087239 1.921655 2.097120 2.864715 1.535150 1.362857 89.626145
 28.899991 3.845231 1.038920 1.928586 2.245256 2.846184 1.508415 1.429339 74.856215
 28.999991 3.893050 1.039049 1.949583 2.159539 3.000344 1.581945 1.461340 68.697352
 29.099991 3.648833 1.049078 1.932633 2.130993 2.679446 1.539837 1.298707 110.052250
 29.199991 3.913809 1.041565 1.999987 2.192045 2.988564 1.602831 1.460763 73.172356
 29.299991 3.795156 1.013135 1.932330 2.286611 2.804210 1.553006 1.420264 87.195854
 29.399991 3.784793 1.041926 1.903794 2.120984 2.901104 1.591004 1.405995 93.407040
 29.499990 3.759170 1.016083 1.921272 2.183798 2.804310 1.528886 1.393250 98.985115
 29.599990 3.812153 1.016789 1.975211 2.070509 2.961210 1.543403 1.407855 97.472021
 29.699990 3.750848 1.025342 1.976324 2.188870 2.802344 1.590830 1.373440 108.164817
 29.799990 3.873470 1.059377 1.996419 2.127028 2.953821 1.477517 1.403924 102.782284
 29.899990 3.454689 1.032019 1.965580 2.112011 2.719192 1.537738 1.169388 135.399629
 29.999990 3.360006 1.112426 2.048389 2.233248 3.027438 1.545416 1.022960 139.211443
 30.099990 2.364297 1.199587 2.052662 2.142887 2.722969 1.497118 0.304035 110.031768
 30.199990 2.255751 1.194919 2.082361 2.070189 2.718587 1.475866 0.221563 95.762115
 30.299990 2.036027 1.253321 2.087368 2.076144 2.664784 1.479180 0.038087 53.350127
 30.399990 1.962156 1.267222 2.210779 2.020500 2.712085 1.441323 -0.067889 33.808937
 30.499990 2.835294 1.084168 2.009176 2.079014 2.939277 1.489103 0.698839 138.208484
 30.599990 3.108522 1.100917 1.951704 2.280768 2.775751 1.525796 0.898720 142.261903
 30.699990 2.867892 1.139688 2.011472 2.183200 2.817048 1.527165 0.692901 140.618167
 30.799990 3.096194 1.151472 2.036322 2.293193 2.926401 1.553683 0.831004 144.669910
 30.899990 2.648925 1.124398 1.945052 2.203831 2.776122 1.531656 0.581770 139.816742
 30.999990 2.804854 1.101265 2.011266 2.172238 2.960177 1.534205 0.674484 144.291063
 31.099990 2.099180 1.207100 2.142946 2.224976 2.565111 1.501532 0.099162 74.315096
 31.199990 2.289786 1.149554 1.997216 2.089779 2.668636 1.456969 0.300044 118.574710
 31.299990 2.007813 1.236872 2.131180 2.122916 2.645021 1.530081 0.024778 60.163068
 31.399990 2.217549 1.219413 2.162945 2.017456 2.822919 1.468040 0.149812 92.837214
 31.499990 3.022704 1.087547 2.034281 2.228079 2.899757 1.474085 0.812377 148.133629
 31.599990 3.128335 1.097363 2.122707 2.178383 2.989913 1.575355 0.860217 149.407860
 31.699990 2.981059 1.033358 2.022827 2.179268 2.752875 1.494924 0.829974 151.072725
 31.799990 2.932563 1.214407 2.083205 2.143417 2.999589 1.539825 0.660820 149.011639
 31.899990 2.646064 1.090442 2.000726 2.084900 2.768455 1.487748 0.575853 147.022968
 31.999990 2.926035 1.086727 2.005849 2.093806 2.921447 1.474209 0.756430 154.131426
 32.099990 2.697876 1.144461 1.972549 2.092666 2.779969 1.461431 0.579619 149.657906
 32.199990 2.728911 1.101241 2.047309 2.224881 2.824831 1.543574 0.617373 152.816875
 32.299990 2.736511 1.127850 2.025854 2.094888 2.917679 1.501967 0.602065 153.589455
 32.399990 2.973805 1.123198 2.081200 2.249829 2.898319 1.509992 0.747186 158.697643
 32.499990 3.183196 1.122952 2.062848 2.146232 2.924861 1.452347 0.881027 157.166163
 32.599989 3.208120 1.115995 2.044397 2.182599 2.906812 1.544699 0.923396 156.419642
 32.699989 3.150280 1.153686 2.020408 2.319928 2.927169 1.542421 0.869032 160.392504
 32.799989 2.712135 1.144541 2.123571 2.062306 2.920851 1.506599 0.543255 153.649965
 32.899989 2.108003 1.239312 2.119006 2.086008 2.747862 1.532481 0.091208 81.780025
 32.999989 2.204891 1.214746 2.159515 2.020212 2.792509 1.546244 0.158579 100.451901
 33.099989 1.919029 1.249332 2.075466 1.974264 2.663032 1.477838 -0.034022 54.829954
 33.199989 2.451224 1.105561 1.992566 2.142605 2.707198 1.518813 0.446620 148.090998
 33.299989 2.584247 1.103904 2.007267 2.156836 2.812256 1.531443 0.530747 156.181489
 33.399989 2.626656 1.105918 1.981880 2.172639 2.793009 1.497184 0.560985 159.453272
 33.499989 1.896956 1.288783 2.157568 2.049673 2.662844 1.477455 -0.100648 43.136251
 33.599989 2.160501 1.217851 2.077879 1.995002 2.789136 1.504248 0.147177 104.635542
 33.699989 2.114151 1.221082 2.086523 2.023566 2.723153 1.466562 0.107367 97.670415
 33.799989 2.229755 1.215415 2.034155 2.096457 2.675506 1.487743 0.209804 121.714175
 33.899989 3.252090 1.094301 1.986173 2.325699 3.007642 1.548933 0.985910 155.498465
 33.999989 2.984018 1.175560 2.090967 2.216809 2.776530 1.522477 0.720538 166.899291
 34.099989 3.281355 1.066551 2.087228 2.134464 2.972916 1.546783 0.988600 157.222441
 34.199989 3.216171 1.051852 2.019651 2.192844 2.895348 1.573291 0.983754 158.974557
 34.299989 3.130082 1.126189 1.983884 2.141351 2.866130 1.514490 0.880631 166.971366
 34.399989 3.074421 1.078494 1.993302 2.189662 2.821423 1.510403 0.872867 168.600428
 34.499989 3.221213 1.067226 2.020462 2.171993 2.919330 1.564421 0.974610 163.279701
 34.599989 3.134405 1.105200 2.052800 2.098690 2.868656 1.508029 0.873116 171.003820
 34.699989 2.559007 1.096823 2.035265 2.027444 2.751681 1.475353 0.500567 159.819767
 34.799989 2.632499 1.188501 2.022893 2.238452 2.837734 1.515064 0.499812 161.112601
 34.899989 2.358960 1.197091 2.086898 2.081567 2.821403 1.489727 0.287014 138.193458
 34.999989 1.895122 1.227584 2.309264 2.081449 2.668399 1.516869 -0.105050 48.796633
 35.099989 2.726286 1.157198 2.057785 2.205582 2.816223 1.449321 0.560664 167.445964
 35.199989 3.185977 1.083569 1.997202 2.236002 2.994235 1.549778 0.945059 168.441221
 35.299989 3.421436 1.059655 2.011020 2.076316 2.800232 1.497303 1.105932 154.622372
 35.399989 3.588693 1.050225 1.959277 2.161227 2.845675 1.539655 1.246276 140.552212
 35.499989 3.262875 1.122363 1.965222 2.146764 2.945720 1.507325 0.974302 169.032143
 35.599989 2.598440 1.157865 2.047098 2.183077 2.795149 1.515787 0.489855 164.025136
 35.699988 2.353846 1.135549 2.112346 2.100162 2.778419 1.498579 0.318155 146.335101
 35.799988 2.123126 1.277049 2.153656 2.180186 2.679382 1.479518 0.059242 93.924216
 35.899988 1.908865 1.277848 2.126522 2.003863 2.712711 1.526591 -0.069257 62.601693
 35.999988 2.349646 1.190545 2.025470 2.226244 2.732224 1.581015 0.323095 149.967635
 36.099988 3.145490 1.113590 1.985198 2.308824 3.010438 1.545399 0.902315 175.293406
 36.199988 3.381224 1.153679 2.009632 2.229870 2.894317 1.459045 1.011834 168.171293
 36.299988 3.276614 1.177889 2.019864 2.240582 2.928581 1.523398 0.932951 175.784616
 36.399988 3.229038 1.098871 2.011124 2.177260 2.933738 1.543714 0.958591 175.140859
 36.499988 2.921086 1.120580 2.068599 2.168744 2.931789 1.574519 0.726725 180.516820
 36.599988 2.590789 1.092920 2.043319 2.114870 2.827570 1.573417 0.536258 171.898785
 36.699988 2.788153 1.121887 2.022487 2.147650 2.821337 1.520746 0.646768 179.303267
 36.799988 2.999396 1.115632 2.078386 2.186066 2.927699 1.470592 0.762483 184.223473
 36.899988 2.694568 1.140856 2.019275 2.220548 2.793076 1.545150 0.578745 177.562914
 36.999988 1.921916 1.207696 2.072166 2.025986 2.570061 1.459141 -0.004133 82.818225
 37.099988 2.164083 1.174021 2.044101 2.017851 2.681359 1.477774 0.187734 131.095934
 37.199988 2.710391 1.192230 2.044994 2.193519 2.925198 1.503719 0.537491 176.366609
 37.299988 2.391382 1.141086 2.054464 2.065934 2.792335 1.512898 0.359898 160.764772
 37.399988 2.404576 1.135585 2.084629 2.127106 2.749711 1.546364 0.369156 163.233475
 37.499988 2.533758 1.158957 2.088733 2.172813 2.878841 1.549131 0.436092 171.651966
 37.599988 1.896681 1.275990 2.160781 2.075916 2.607666 1.443619 -0.097357 62.038268
 37.699988 1.891425 1.341343 2.153626 2.064078 2.673869 1.461052 -0.140139 54.749587
 37.799988 2.045338 1.288172 2.238619 2.009220 2.821923 1.484539 -0.031426 85.133611
 37.899988 2.464773 1.215898 2.053049 2.199431 2.833163 1.549154 0.366101 166.015774
 37.999988 2.706161 1.168151 1.969655 2.200983 2.790766 1.523419 0.581201 183.494670
 38.099988 3.186596 1.086727 1.980296 2.201452 2.966620 1.519351 0.944365 179.965284
 38.199988 3.345246 1.068737 1.994212 2.160009 2.861908 1.511529 1.056985 169.151137
 38.299988 3.353579 1.053495 1.953566 2.212803 2.859769 1.491554 1.083313 167.277139
 38.399988 3.196815 1.072222 2.046378 2.149856 2.799706 1.495521 0.938156 183.677950
 38.499988 3.268264 1.093910 1.951988 2.291969 2.899109 1.511009 1.004025 178.611546
 38.599988 3.021330 1.096430 2.011801 2.117169 2.937326 1.535896 0.820711 191.170541
 38.699988 3.061775 1.089579 2.073954 2.114313 2.914204 1.472751 0.822094 192.198653
 38.799987 3.339772 1.080785 2.033800 2.195536 2.831326 1.490894 1.030271 178.069438
 38.899987 3.217065 1.058336 1.945384 2.079473 2.834857 1.523766 0.996699 183.116672
 38.999987 3.321276 1.117285 1.970169 2.231206 2.912533 1.561891 1.024807 180.995998
 39.099987 3.146149 1.107039 1.985373 2.112663 2.821076 1.503969 0.902305 193.131389
 39.199987 3.320344 1.022380 2.049836 2.209295 2.984806 1.522492 1.052373 179.478985
 39.299987 3.147196 1.073981 2.041124 2.148635 2.909410 1.468578 0.899380 195.171948
 39.399987 3.428117 1.056098 2.014552 2.193059 2.953356 1.521443 1.113382 172.675339
 39.499987 3.511773 1.088772 1.878755 2.198690 2.845706 1.573454 1.202274 159.650317
 39.599987 3.488258 1.070680 1.957669 2.172602 2.906592 1.487682 1.157683 168.381661
 39.699987 3.649805 1.075396 1.910168 2.276183 2.959745 1.560971 1.288482 145.014771
 39.799987 3.652686 1.010457 1.964432 2.138585 2.856350 1.495269 1.305531 142.518839
 39.899987 3.976163 1.048502 1.993269 2.286137 3.047722 1.636611 1.504728 80.153467
 39.999987 3.695617 1.004635 1.963881 2.069937 2.852439 1.545011 1.345045 135.618004
 40.099987 3.960082 0.998404 1.990465 2.241687 3.009655 1.518834 1.509701 82.134368
 40.199987 3.813567 0.999032 1.954626 2.210051 2.857713 1.529141 1.428659 113.624303
 40.299987 3.971382 1.038475 1.969521 2.257458 3.033084 1.609376 1.511651 85.788755
 40.399987 3.766806 0.997546 1.926036 2.179889 2.842482 1.569790 1.414473 122.529126
 40.499987 3.953824 1.088550 1.939542 2.268795 2.949700 1.558625 1.470937 104.909760
 40.599987 3.901123 1.042524 1.978572 2.191152 2.926704 1.504355 1.444601 116.364361
 40.699987 3.894650 1.022324 1.984389 2.135998 3.014430 1.535299 1.454074 114.984884
 40.799987 3.785442 1.000997 1.975493 2.185003 2.835607 1.536631 1.403300 133.687855
 40.899987 3.927014 1.105971 1.938319 2.263089 2.951661 1.560167 1.442326 122.668708
 40.999987 3.910098 1.072355 1.965093 2.212848 2.932056 1.528560 1.439312 125.534935
 41.099987 3.806008 1.029394 1.941240 2.203789 2.945900 1.590353 1.415826 135.059613
 41.199987 3.822574 1.040094 1.921527 2.198934 2.942128 1.537605 1.417967 136.037059
 41.299987 3.868527 1.024550 1.926718 2.233159 2.930078 1.592526 1.466088 121.034821
 41.399987 3.825326 1.005822 2.013901 2.088169 2.970003 1.604886 1.420728 138.606327
 41.499987 3.779237 1.044154 1.915372 2.206623 2.832749 1.518679 1.388086 149.957851
 41.599987 3.919951 1.035574 1.986803 2.203674 2.970801 1.546234 1.464692 126.339447
 41.699987 3.723590 1.053822 1.913026 2.205220 2.812603 1.562675 1.353046 161.676773
 41.799987 3.931623 1.052955 1.984195 2.254322 2.987031 1.601440 1.470744 126.962601
 41.899986 3.812165 1.058695 1.924901 2.249066 2.913390 1.577528 1.405200 151.145231
 41.999986 3.763853 1.021504 1.916312 2.161086 2.891988 1.599849 1.403466 153.107557
 42.099986 3.938389 1.042541 1.927428 2.217141 3.010764 1.574322 1.495503 121.572409
 42.199986 3.627257 1.005452 1.929204 2.061411 2.752575 1.525758 1.309677 176.215486
 42.299986 3.845628 1.033147 1.964434 2.232595 2.897379 1.588008 1.432912 147.966120
 42.399986 3.856668 1.064863 2.004350 2.212630 2.851439 1.538144 1.399228 159.951652
 42.499986 3.881202 1.028611 1.957332 2.224555 2.917498 1.548161 1.454965 142.918776
 42.599986 3.836722 1.027618 1.953952 2.139152 2.931056 1.559653 1.427903 154.007896
 42.699986 3.814201 1.027070 1.936326 2.072887 2.965327 1.518305 1.411218 160.705684
 42.799986 3.833699 1.026721 2.037044 2.112179 2.920512 1.566838 1.400292 165.240847
 42.899986 3.763623 0.973137 1.958863 2.255055 2.861339 1.587767 1.420867 160.340699
 42.999986 3.687214 1.067053 1.988714 2.122513 2.914309 1.551746 1.290735 187.696729
 43.099986 2.925381 1.133758 2.028574 2.226353 2.821308 1.490985 0.723887 195.809526
 43.199986 2.341905 1.150881 2.125515 2.023610 2.830707 1.543998 0.301075 159.453665
 43.299986 3.082706 1.041567 2.145138 2.095980 2.952542 1.484518 0.844917 200.912056
 43.399986 2.822576 1.077611 2.053391 2.123993 2.778149 1.538128 0.691807 195.969910
 43.499986 2.686312 1.181476 1.990950 2.264671 2.852528 1.550306 0.555979 188.115979
 43.599986 2.533373 1.151301 2.125903 2.151505 2.822212 1.479570 0.418703 176.940837
 43.699986 2.207844 1.255461 2.110814 2.166644 2.695997 1.481389 0.143251 132.229823
 43.799986 1.963674 1.270644 2.297520 2.095248 2.698802 1.483442 -0.089867 73.643887
 43.899986 2.383397 1.153938 2.145671 2.123908 2.837068 1.539374 0.320129 166.875563
 43.999986 2.297658 1.186330 2.079875 2.078485 2.779711 1.488012 0.256428 158.235187
 44.099986 1.824250 1.307659 2.195180 2.138822 2.585673 1.501858 -0.166995 57.472782
 44.199986 2.401324 1.174112 1.950059 2.122098 2.715521 1.501662 0.379516 176.993413
 44.299986 2.838417 1.073584 1.992720 2.075973 2.849933 1.500939 0.716945 200.139149
 44.399986 3.033745 1.073796 1.994291 2.135085 2.802825 1.520560 0.850123 204.043409
 44.499986 3.062065 1.087984 2.012750 2.124129 2.968525 1.493876 0.845691 205.002262
 44.599986 2.043549 1.331514 2.036417 2.143231 2.605549 1.470519 0.009098 106.220960
 44.699986 1.934056 1.302930 2.397921 2.106144 2.733644 1.477202 -0.165147 62.482729
 44.799986 2.229567 1.148363 2.105283 2.013808 2.785984 1.499662 0.228978 157.716612
 44.899986 3.002143 1.121303 1.988213 2.344365 2.919117 1.578622 0.809038 205.684976
 44.999985 2.814323 1.149676 2.015178 2.076774 2.850819 1.526378 0.647720 199.861599
 45.099985 2.732926 1.122132 2.053384 2.088407 2.829624 1.485517 0.593612 197.645752
 45.199985 2.499030 1.190955 2.056035 2.196477 2.778017 1.488342 0.395706 182.837896
 45.299985 2.011540 1.302723 2.229911 2.136729 2.699621 1.471186 -0.058581 93.309458
 45.399985 2.606241 1.169656 2.032920 2.137702 2.905706 1.512399 0.488574 192.466735
 45.499985 2.519337 1.141863 2.095518 2.213355 2.776630 1.506931 0.431516 188.650481
 45.599985 2.748159 1.136265 2.058419 2.310372 2.870454 1.569363 0.607506 201.701899
 45.699985 2.077013 1.225337 2.079434 2.087347 2.594104 1.482865 0.088325 133.196183
 45.799985 2.568507 1.128283 2.054232 2.182869 2.799309 1.491924 0.483299 195.160564
 45.899985 2.605048 1.128151 2.127552 2.124950 2.947295 1.527624 0.485351 196.328121
 45.999985 2.163294 1.113042 2.159610 1.991969 2.740831 1.487119 0.189261 156.966409
 46.099985 2.141214 1.216792 2.146704 2.023192 2.735768 1.484936 0.110947 141.684316
 46.199985 2.935819 1.097373 2.023308 2.227371 2.844774 1.484944 0.754951 209.235675
 46.299985 3.239131 1.125556 1.955537 2.256770 2.914486 1.523134 0.964037 204.714832
 46.399985 3.186610 1.112076 1.994414 2.242962 2.843503 1.553981 0.931594 207.580307
 46.499985 3.056131 1.110928 1.952041 2.169346 2.845625 1.556055 0.859470 211.350185
 46.599985 2.542597 1.114689 1.995304 2.139845 2.748822 1.537503 0.502161 199.934741
 46.699985 2.686049 1.100352 1.999604 2.120768 2.920346 1.532173 0.600330 206.653121
 46.799985 2.244175 1.227820 2.055124 2.137930 2.709388 1.491919 0.204720 163.228537
 46.899985 1.684693 1.490008 2.704288 2.073905 2.919909 1.397331 -0.569994 57.934160
 46.999985 1.436807 2.238558 3.265081 2.947211 3.129403 1.343553 -1.412071 142.742704
 47.099985 1.458657 2.357071 3.097667 2.980571 3.092191 1.319626 -1.423069 144.256078
 47.199985 1.449564 2.719307 3.019635 2.963785 3.303814 1.318288 -1.645951 140.221998
 47.299985 1.376508 3.050068 3.068021 3.039741 3.108817 1.333032 -1.919845 134.864150
 47.399985 1.404293 3.293595 3.364417 3.185172 2.913059 1.342664 -2.151228 121.149947
 47.499985 1.379737 3.558187 3.391384 3.316338 3.201388 1.320462 -2.357975 78.766153
 47.599985 1.388094 3.888951 3.100673 3.170778 3.360622 1.341314 -2.475751 48.907179
 47.699985 1.378625 3.640299 3.293342 3.274585 3.186891 1.300083 -2.383772 77.252393
 47.799985 1.374981 3.732962 3.456716 3.323658 3.337290 1.350333 -2.495284 49.517081
 47.899985 1.375837 3.529890 3.195968 3.134210 3.153805 1.323279 -2.278456 108.007243
 47.999985 1.432698 3.003495 3.192462 2.536845 3.074639 1.372930 -1.891519 138.679334
 48.099984 1.465039 2.686656 3.210972 2.467498 3.023575 1.323968 -1.675744 142.728730
 48.199984 1.446024 3.145058 3.066612 2.784869 3.214198 1.354024 -1.937468 140.480330
 48.299984 1.460186 2.671560 3.101966 2.797907 2.936237 1.315130 -1.629214 145.673484
 48.399984 1.461380 2.801978 3.144521 2.793609 3.076807 1.323592 -1.729608 145.613718
 48.499984 1.481013 3.070419 3.042843 3.136875 3.230100 1.309342 -1.861058 145.018114
 48.599984 1.407719 2.748307 2.990744 2.958312 3.122402 1.362112 -1.672529 148.917930
 48.699984 1.435494 2.673524 3.199096 2.888192 3.106035 1.331135 -1.678742 150.354103
 48.799984 1.354832 2.776686 3.067873 2.792874 3.067689 1.339654 -1.755598 150.765802
 48.899984 1.405590 2.632804 3.255250 2.603833 3.045624 1.322346 -1.693454 153.050804
 48.999984 1.363788 3.652238 3.113876 3.105660 3.208475 1.309849 -2.343325 95.609220
 49.099984 1.344846 3.608757 3.547316 3.268842 3.386678 1.332434 -2.467892 63.354272
 49.199984 1.503234 3.167187 3.300711 2.913561 2.933917 1.310612 -1.990467 145.781970
 49.299984 1.440183 3.301982 3.036657 2.719674 3.125182 1.340213 -2.035462 144.916687
 49.399984 1.429257 3.599798 3.362640 3.150016 3.412615 1.345725 -2.345411 100.601834
 49.499984 1.463951 3.679729 3.317566 3.402763 3.090770 1.350145 -2.349895 101.633125
 49.599984 1.435957 2.386010 3.173061 2.083666 3.020682 1.357972 -1.484131 153.137251
 49.699984 1.425065 3.175007 3.230673 3.240389 3.272253 1.301091 -2.029299 148.072269
 49.799984 1.642673 1.667846 2.941303 2.339137 2.973599 1.351008 -0.797654 104.839874
 49.899984 1.454630 2.236764 3.066152 2.308323 3.165545 1.330954 -1.343630 149.544989
 49.999984 1.390589 2.103182 3.063550 2.623324 2.984859 1.382581 -1.282113 148.080638
 50.099984 1.465327 2.034722 3.018865 2.499443 3.071520 1.347588 -1.181821 144.255981
 50.199984 1.649313 1.591875 3.052441 2.221223 3.011453 1.350670 -0.782027 104.602536
 50.299984 1.491831 1.680350 3.012779 1.983075 3.121413 1.362429 -0.934235 128.184732
 50.399984 1.397656 2.108390 3.034526 2.458566 3.129746 1.332621 -1.284037 151.486224
 50.499984 1.477891 2.143828 2.997186 2.670787 3.089455 1.335612 -1.238352 150.920774
 50.599984 1.588560 1.750974 3.059262 2.257602 3.109629 1.350003 -0.930557 130.291148
 50.699984 1.455286 1.953535 3.139288 2.407906 3.183414 1.305673 -1.184636 150.487970
 50.799984 1.493881 2.363431 3.090724 2.811542 3.090288 1.292035 -1.407833 158.880938
 50.899984 1.486069 2.631829 3.033724 2.981827 3.198680 1.297170 -1.569966 159.742180
 50.999984 1.401467 2.490746 3.115280 3.025995 3.133730 1.337588 -1.551893 161.324358
 51.099984 1.482231 2.414996 3.067227 2.892810 3.208757 1.336529 -1.436261 162.690060
 51.199983 1.748011 1.405300 3.120113 2.225407 2.970517 1.407948 -0.606692 71.920100
 51.299983 1.733420 1.470438 2.785936 2.131829 2.915576 1.390012 -0.552148 63.164451
 51.399983 1.746844 1.393258 3.110963 2.071743 3.024248 1.361690 -0.606645 77.559056
 51.499983 1.606361 1.572322 3.040959 2.102530 3.056099 1.315044 -0.801662 118.128432
 51.599983 1.429158 3.068310 2.984556 3.359919 3.186592 1.316575 -1.870330 155.624245
 51.699983 1.500933 1.868818 2.999099 1.920645 3.197117 1.319649 -1.056360 146.474694
 51.799983 1.421297 2.589339 3.305031 3.364739 2.999574 1.288484 -1.666866 162.208016
 51.899983 1.511239 2.201426 3.090692 2.299544 3.044845 1.329446 -1.288877 160.502660
 51.999983 1.424500 3.578501 3.136557 3.191882 3.240217 1.331884 -2.258521 125.374503
 52.099983 1.364339 3.776038 3.362004 3.382324 3.295908 1.338463 -2.499860 61.880440
 52.199983 1.322925 3.624704 3.279976 3.153503 3.255277 1.295172 -2.409515 91.697835
 52.299983 1.432235 3.434785 3.175264 3.013888 3.251177 1.319380 -2.175977 142.134468
 52.399983 1.405485 3.012754 3.157692 3.085689 3.080850 1.351695 -1.901603 157.817872
 52.499983 1.409737 2.772765 3.176758 2.945071 3.061078 1.322360 -1.753351 162.804073
 52.599983 1.406354 3.145944 3.128881 2.833527 3.083051 1.341427 -1.983383 157.364142
 52.699983 1.451279 3.007829 3.197841 2.700514 3.055533 1.354539 -1.884530 161.953961
 52.799983 1.439550 3.090153 3.095391 2.835567 3.016099 1.320539 -1.915708 162.369635
 52.899983 1.413475 2.646500 3.105400 2.597085 3.008502 1.319259 -1.647855 167.549382
 52.999983 1.440168 2.760850 3.254099 2.971805 3.123283 1.303872 -1.754702 167.942759
 53.099983 1.488935 2.243399 3.113863 2.309136 3.010209 1.329797 -1.337866 164.539857
 53.199983 1.473575 2.526398 3.166710 3.056185 3.197870 1.360080 -1.541970 170.335452
 53.299983 1.488652 2.128174 3.055566 2.717509 3.087897 1.330527 -1.240370 161.394236
 53.399983 1.485698 1.829814 3.188772 2.398952 3.109354 1.370832 -1.087916 152.559909
 53.499983 1.515051 2.016157 2.892532 2.450683 3.108048 1.307998 -1.102857 155.097130
 53.599983 1.470641 2.027868 3.097832 2.613088 3.110479 1.335720 -1.201144 162.787650
 53.699983 1.859787 1.327053 3.004720 1.994753 3.038075 1.385332 -0.451136 51.801753
 53.799983 1.642214 1.596923 3.044773 2.100366 3.109979 1.386981 -0.785213 119.988460
 53.899983 1.688240 1.424328 3.076585 2.062098 3.010011 1.371652 -0.652730 95.567738
 53.999983 1.558138 1.657850 3.111766 2.221324 2.995953 1.320798 -0.909395 141.073513
 54.099983 1.471905 2.499917 2.924838 2.938939 3.034030 1.333430 -1.448401 172.441201
 54.199983 1.393350 2.897966 3.094403 3.062836 3.290910 1.351793 -1.818212 168.896401
 54.299982 1.422036 3.073112 3.086765 2.952649 3.059259 1.342765 -1.909406 166.835663
 54.399982 1.486795 3.382223 3.287751 2.954386 3.212902 1.338461 -2.139183 151.741033
 54.499982 1.364044 3.725812 3.293334 3.178926 3.338355 1.316574 -2.451148 82.961718
 54.599982 1.389505 3.690209 3.294685 3.165864 3.325299 1.333186 -2.408668 98.551648
 54.699982 1.320751 3.689937 3.278016 3.082459 3.379900 1.334712 -2.450292 87.949036
 54.799982 1.365013 3.693376 3.277114 3.299054 3.163392 1.330432 -2.416739 100.734265
 54.899982 1.367007 2.880124 3.218603 2.528793 2.971007 1.326729 -1.867750 170.511488
 54.999982 1.393224 3.019294 3.144281 2.496918 3.062048 1.335378 -1.918242 170.063463
 55.099982 1.499512 3.175813 3.087134 2.682748 3.234593 1.307906 -1.937811 170.536947
 55.199982 1.417539 3.210233 3.037842 2.847545 3.027871 1.317408 -1.990761 169.249204
 55.299982 1.393719 3.228715 3.351798 3.067398 3.048863 1.319137 -2.119359 161.234411
 55.399982 1.443355 2.995013 3.279503 2.715110 3.127567 1.330736 -1.913235 174.668031
 55.499982 1.467344 3.018835 3.121910 2.670981 3.175760 1.325292 -1.863667 177.004578
 55.599982 1.520078 1.751288 3.105478 2.442198 2.931172 1.345241 -0.986158 150.610502
 55.699982 1.447194 2.279243 3.008060 2.469742 3.196081 1.356014 -1.352288 172.410138
 55.799982 1.460893 2.539683 3.207598 3.046438 3.026601 1.340600 -1.572047 176.799215
 55.899982 1.477894 2.400975 3.215397 2.787628 3.110024 1.322522 -1.479813 177.130372
 55.999982 1.677441 1.489154 3.032496 2.137517 2.997172 1.358937 -0.688830 106.895412
 56.099982 1.906676 1.320715 2.907553 1.988443 3.046295 1.393392 -0.383090 50.819381
 56.199982 1.742149 1.332230 3.018774 2.097746 2.920531 1.390080 -0.532554 75.847251
 56.299982 1.461703 2.151530 3.185162 2.518961 3.256766 1.322940 -1.322933 174.092274
 56.399982 1.495382 2.254129 3.157811 2.799666 2.992182 1.334830 -1.348494 176.291453
 56.499982 1.485488 2.025058 3.144519 2.290622 3.032702 1.355001 -1.203687 170.048848
 56.599982 1.569016 1.945835 3.024536 2.530073 3.066880 1.340765 -1.057470 160.759444
 56.699982 1.522417 2.298820 2.971855 2.467176 3.083526 1.324769 -1.306103 177.439132
 56.799982 1.491317 2.593546 3.029302 2.636874 3.079585 1.340017 -1.534500 181.255100
 56.899982 1.371672 3.444748 3.128579 3.048568 3.214718 1.328233 -2.204696 153.265707
 56.999982 1.374656 3.718032 3.432684 3.235213 3.415278 1.322184 -2.484852 82.435901
 57.099982 1.418691 3.249762 3.227069 2.996931 3.055404 1.327864 -2.075290 169.392297
 57.199982 1.435237 2.688281 3.120105 2.603837 3.026688 1.313171 -1.666965 181.576378
 57.299982 1.397660 2.848861 3.088945 2.849613 3.170509 1.318755 -1.786364 182.118060
 57.399981 1.434425 2.800182 3.135591 3.025075 3.052298 1.325869 -1.739899 183.516756
 57.499981 1.489712 2.600830 3.143488 2.670234 3.063134 1.335493 -1.577790 184.602509
 57.599981 1.458706 2.846721 3.030730 2.886878 2.930341 1.325574 -1.718990 185.574100
 57.699981 1.393745 3.449579 3.206800 2.891591 3.455615 1.318424 -2.227257 153.407932
 57.799981 1.390999 3.593267 3.376240 3.150161 3.297802 1.310855 -2.373937 121.220272
 57.899981 1.405866 3.873446 3.295148 3.360499 3.347489 1.298665 -2.521953 74.836340
 57.999981 1.405194 3.759768 3.261476 3.184851 3.373399 1.336694 -2.433286 107.090033
 58.099981 1.344154 3.803833 3.256698 3.230479 3.354628 1.360604 -2.496323 88.135515
 58.199981 1.367641 3.691615 3.492897 3.394044 3.268499 1.335817 -2.484940 94.426593
 58.299981 1.478372 2.559919 3.017230 2.070929 2.995496 1.300643 -1.527678 186.248520
 58.399981 1.429904 3.268549 3.211757 3.022085 3.205675 1.333355 -2.077197 174.495853
 58.499981 1.487331 2.910156 3.209185 2.898814 2.972637 1.336046 -1.799328 186.882594
 58.599981 1.417720 3.116877 3.249614 2.872236 3.097910 1.326005 -1.998710 180.955623
 58.699981 1.406841 3.109658 3.224742 2.985267 3.074915 1.323889 -1.991614 182.473579
 58.799981 1.415401 3.033371 3.248949 2.830214 3.136806 1.322124 -1.947134 185.718871
 58.899981 1.427673 3.231204 2.974121 2.666126 3.152146 1.343472 -1.977432 185.407988
 58.999981 1.365584 3.189002 3.269829 2.819023 3.055574 1.339035 -2.084768 179.434876
 59.099981 1.405975 2.797105 3.218099 2.454536 3.074106 1.343610 -1.787697 191.313277
 59.199981 1.449361 2.625869 3.181506 2.540951 3.001930 1.318821 -1.636112 190.469063
 59.299981 1.464503 2.290643 3.076001 2.738830 3.177580 1.330119 -1.371327 184.563941
 59.399981 1.440302 1.901190 3.188497 2.255462 3.077707 1.351612 -1.168587 172.492500
 59.499981 1.562942 1.719952 3.040308 2.324212 3.032612 1.311933 -0.924550 150.197372
 59.599981 1.770853 1.363268 2.996615 2.080092 2.960726 1.408655 -0.524795 77.187711
 59.699981 1.779524 1.342993 2.929316 2.038577 2.952826 1.373611 -0.489481 72.882450
 59.799981 1.572744 1.712015 3.074755 2.383020 2.965780 1.363350 -0.914040 151.065285
 59.899981 1.598221 1.598108 3.201030 2.287757 3.052458 1.364107 -0.866644 146.641718
 59.999981 1.438498 1.909782 3.056344 2.332365 3.148644 1.327732 -1.136462 173.405507
 60.099981 1.702358 1.414344 3.054640 2.204919 2.908720 1.382624 -0.624230 104.848821
 60.199981 1.493491 1.796992 2.998922 2.184275 3.121360 1.366195 -1.002305 164.286849
 60.299981 1.498807 2.115147 3.018684 2.694829 3.055714 1.362127 -1.207626 180.008879
 60.399981 1.531149 1.931130 3.282048 2.569518 3.182311 1.357686 -1.156650 178.110880
 60.499980 1.633722 1.830054 3.137048 2.492685 3.058701 1.336125 -0.976618 164.559067
 60.599980 1.440789 1.905050 3.056930 2.458253 2.932386 1.325933 -1.126392 178.268178
 60.699980 1.766085 1.504402 3.080503 2.254342 2.999566 1.361339 -0.654373 114.284950
 60.799980 1.827256 1.320577 2.952097 1.937740 3.020466 1.369982 -0.453798 72.438072
 60.899980 1.857806 1.307302 2.541910 2.052193 2.787172 1.386197 -0.281650 62.343515
 60.999980 1.955238 1.316220 2.023614 2.069111 2.604347 1.440486 -0.040548 108.368347
 61.099980 2.432458 1.092279 1.974425 2.071312 2.735237 1.496461 0.443997 197.715085
 61.199980 3.072887 1.096646 2.000994 2.284553 2.946999 1.556529 0.863071 212.849968
 61.299980 2.740264 1.110796 2.014251 2.047180 2.706797 1.463109 0.617342 209.635064
 61.399980 2.961166 1.138381 2.042886 2.238371 2.993392 1.538501 0.743792 214.793926
 61.499980 2.419646 1.144613 2.119032 2.103723 2.851439 1.539426 0.358428 190.396212
 61.599980 1.917991 1.291957 2.182858 2.085404 2.663436 1.479600 -0.096405 96.689586
 61.699980 2.558295 1.098886 2.064334 2.127779 2.853328 1.530102 0.496774 204.973278
 61.799980 2.839119 1.075617 2.077328 2.187666 2.945057 1.499234 0.687287 214.969786
 61.899980 2.399662 1.127705 1.971454 2.111262 2.688995 1.491677 0.400714 197.617579
 61.999980 1.996963 1.254898 2.047682 2.107069 2.577226 1.529362 0.034306 131.677768
 62.099980 2.706089 1.103429 2.031969 2.113471 2.918439 1.507470 0.597024 213.040498
 62.199980 2.460146 1.126067 2.014548 2.138667 2.719692 1.458711 0.422114 201.725075
 62.299980 1.978046 1.293083 2.191263 2.008589 2.728633 1.449840 -0.067090 107.775726
 62.399980 2.337741 1.201696 2.126090 2.132406 2.795515 1.491693 0.258523 180.897926
 62.499980 2.949392 1.145650 2.033369 2.234986 2.997541 1.535655 0.733791 218.229938
 62.599980 3.054638 1.080018 1.995264 2.286060 2.844228 1.592179 0.871568 216.471249
 62.699980 3.341110 1.016057 1.993673 2.129474 2.974849 1.516850 1.087113 200.848083
 62.799980 3.178775 1.032032 1.912408 2.085539 2.875955 1.502855 0.995381 209.016779
 62.899980 3.176939 1.114227 2.043573 2.158315 2.880818 1.458865 0.891018 217.645447
 62.999980 3.044644 1.093243 2.008361 2.166532 2.866681 1.538676 0.841804 220.559944
 63.099980 3.191026 1.113246 2.019926 2.271791 2.874799 1.528350 0.921013 217.389377
 63.199980 3.302818 1.097170 1.988707 2.262951 2.919076 1.542359 1.016866 210.091012
 63.299980 3.096653 1.049717 1.992973 2.160542 2.812323 1.527634 0.909124 219.812417
 63.399980 3.172614 1.086115 1.944795 2.196958 2.894380 1.557673 0.954653 217.296309
 63.499980 3.135478 1.089900 2.030023 2.241571 2.817347 1.543011 0.899475 222.027661
 63.599979 3.268832 1.014975 2.063314 2.145267 3.041996 1.547673 1.020808 212.810512
 63.699979 2.960453 1.105852 2.061690 2.159643 2.815668 1.484609 0.752897 225.036893
 63.799979 2.950855 1.157966 2.021742 2.235942 2.912234 1.512060 0.728590 225.052531
 63.899979 2.297501 1.182845 2.104987 2.166127 2.724026 1.515164 0.256769 181.919337
 63.999979 2.207570 1.209956 2.073741 2.013921 2.656145 1.472447 0.182834 169.612091
 64.099979 2.925179 1.092141 1.976359 2.208281 2.911464 1.522743 0.771074 227.111827
 64.199979 3.013169 1.129480 1.960514 2.138728 2.882017 1.468729 0.801311 228.205855
 64.299979 2.921011 1.110005 1.972396 2.079034 2.793281 1.503272 0.755903 228.308947
 64.399979 3.369696 1.147769 2.011165 2.185989 2.957179 1.513811 1.014385 216.073809
 64.499979 3.118170 1.092816 2.078402 2.165790 2.904543 1.482442 0.858078 229.363926
 64.599979 2.592431 1.159705 2.063163 2.186515 2.762179 1.474826 0.473707 211.754801
 64.699979 2.681803 1.156331 1.994610 2.180287 2.834344 1.525400 0.563836 219.848045
 64.799979 3.002883 1.093006 1.992055 2.157936 2.836993 1.567176 0.824707 231.435013
 64.899979 3.235061 1.081220 2.061967 2.224871 3.050423 1.579597 0.961181 223.841325
 64.999979 3.271108 1.134182 2.004235 2.146876 2.816786 1.534079 0.966103 224.135155
 65.099979 3.143257 1.032554 2.011485 2.124618 2.951177 1.501065 0.937633 227.673915
 65.199979 2.794233 1.093167 2.073374 2.141434 2.782607 1.490464 0.648928 227.416553
 65.299979 2.589820 1.143566 2.085802 1.978844 2.819810 1.497592 0.475222 214.357241
 65.399979 2.376114 1.173130 2.033196 2.084220 2.757330 1.460114 0.328410 197.301627
 65.499979 2.059425 1.281475 2.121198 2.107112 2.695803 1.483789 0.024401 135.497717
 65.599979 1.900367 1.254383 2.130690 2.048132 2.649866 1.517222 -0.060513 114.475357
 65.699979 2.545122 1.179935 1.991172 2.206605 2.820428 1.544611 0.462731 214.992183
 65.799979 2.417497 1.094784 1.981544 2.094093 2.742462 1.509564 0.432286 212.760928
 65.899979 1.838992 1.285959 2.087311 1.992768 2.644550 1.507778 -0.109547 103.465173
 65.999979 2.407345 1.131337 2.016130 2.140036 2.744736 1.517407 0.391941 209.167290
 66.099979 2.363499 1.162070 2.091507 2.098611 2.754621 1.478913 0.311367 199.072144
 66.199979 2.652306 1.140038 2.116715 2.181792 2.833721 1.486876 0.508957 222.168248
 66.299979 2.762852 1.122496 2.058963 2.139341 2.804645 1.481073 0.611711 229.458385
 66.399979 2.875891 1.095650 1.937677 2.182215 2.954464 1.584507 0.757388 236.008464
 66.499979 2.509514 1.115282 2.039081 2.112796 2.811426 1.491965 0.456784 219.382506
 66.599979 1.956652 1.291593 2.169621 2.082272 2.652351 1.436649 -0.072814 115.543883
 66.699978 2.121571 1.196168 2.048726 2.043808 2.703613 1.536769 0.152669 172.735349
 66.799978 2.292591 1.154639 2.114127 2.018108 2.838481 1.508643 0.263974 195.019388
 66.899978 2.331593 1.195328 2.067620 2.092977 2.689715 1.475945 0.277130 198.245590
 66.999978 2.821731 1.139363 2.066713 2.191246 2.947080 1.533530 0.642840 233.421434
 67.099978 2.963547 1.053104 1.949337 2.074801 2.818734 1.496780 0.827310 237.254729
 67.199978 3.271272 1.047655 1.967421 2.180100 2.966664 1.539621 1.033137 219.247776
 67.299978 3.418370 1.052450 1.999318 2.222448 2.903207 1.535958 1.117984 210.279790
 67.399978 3.323650 1.084513 1.990543 2.193511 2.866817 1.514304 1.034266 220.759446
 67.499978 3.175131 1.100586 1.934086 2.149347 2.892412 1.539555 0.947009 231.746154
 67.599978 3.229905 1.047227 2.055765 2.132547 2.893486 1.502937 0.972351 229.775766
 67.699978 3.400352 1.095439 1.985682 2.304661 2.997971 1.544004 1.082524 217.050864
 67.799978 3.192957 1.079366 2.044267 2.273173 2.801852 1.508030 0.934887 235.086211
 67.899978 3.471130 1.027702 2.085760 2.131072 2.974840 1.575996 1.144517 211.520768
 67.999978 3.277429 1.037702 1.966621 2.195894 2.847477 1.583452 1.053556 222.833094
 68.099978 3.318708 1.055740 1.906345 2.217373 2.815357 1.574653 1.088308 219.400424
 68.199978 3.362868 1.039163 1.944946 2.237453 2.928238 1.534196 1.107210 218.028175
 68.299978 2.754698 1.135873 2.027880 2.136406 2.852356 1.507082 0.610791 234.015836
 68.399978 2.536720 1.126936 2.107422 2.080498 2.862883 1.498434 0.444287 222.048883
 68.499978 2.065652 1.262107 2.162718 2.144026 2.679906 1.516471 0.033475 147.629635
 68.599978 1.802756 1.292308 2.296155 2.087277 2.601535 1.446466 -0.213848 84.521410
 68.699978 2.490938 1.120478 1.953609 2.170674 2.747971 1.541190 0.478830 226.225155
 68.799978 2.740860 1.172861 1.989534 2.254648 2.802504 1.496504 0.590644 234.850567
 68.899978 3.330307 1.115567 1.956286 2.175211 2.926309 1.503141 1.026327 228.756076
 68.999978 3.344544 1.063384 1.925165 2.229074 2.725957 1.524449 1.088323 221.886533
 69.099978 3.592979 1.015953 2.003258 2.057597 2.977440 1.529344 1.251639 204.372312
 69.199978 3.326816 1.101494 2.033190 2.235259 2.845367 1.533126 1.015095 232.123953
 69.299978 3.318322 1.120914 2.026357 2.224650 2.950862 1.521057 0.994755 235.184689
 69.399978 2.787761 1.085830 2.075476 2.122458 2.862437 1.512693 0.650379 239.375023
 69.499978 1.983103 1.295055 2.106646 2.061046 2.643748 1.457861 -0.033668 132.633965
 69.599978 2.132768 1.158444 2.009147 2.013730 2.661551 1.505845 0.193497 187.249763
 69.699978 2.053921 1.220165 2.104132 2.078851 2.684913 1.516747 0.071672 162.180578
 69.799977 1.891200 1.343242 2.189218 2.052524 2.694004 1.453013 -0.155020 102.468065
 69.899977 2.156966 1.135485 2.006136 2.003489 2.699198 1.514429 0.225984 195.754577
 69.999977 2.714881 1.103444 2.017899 2.172332 2.877231 1.507014 0.608881 237.979793
 70.099977 2.120985 1.206438 2.137479 2.166867 2.606096 1.464196 0.108441 173.760558
 70.199977 1.924612 1.254949 2.231753 2.049936 2.672999 1.465891 -0.086532 124.233914
 70.299977 1.903863 1.299532 2.189699 2.088651 2.663087 1.482674 -0.112430 118.705785
 70.399977 2.204951 1.180039 2.007034 2.094656 2.715673 1.549043 0.234272 200.238120
 70.499977 2.770555 1.172346 2.014101 2.208742 2.934921 1.524652 0.603685 238.643017
 70.599977 2.252208 1.154579 2.097151 2.020112 2.817126 1.566812 0.252492 204.272778
 70.699977 2.975093 1.119366 2.045543 2.262584 2.854038 1.531602 0.766709 246.576768
 70.799977 2.807693 1.100483 2.047006 2.147223 2.901493 1.522169 0.664219 243.212001
 70.899977 2.157737 1.234778 2.055339 2.066933 2.726313 1.491200 0.141701 185.564324
 70.999977 2.534970 1.057083 2.049155 2.159093 2.728956 1.476694 0.508329 234.839765
 71.099977 2.649862 1.060700 2.114070 2.092357 2.875032 1.450578 0.552705 238.496737
 71.199977 2.534320 1.185475 2.119080 2.175219 2.864020 1.494241 0.400834 226.692508
 71.299977 1.954117 1.276058 2.081022 1.997115 2.713430 1.508650 -0.026153 146.419624
 71.399977 1.753287 1.401209 2.617694 1.966611 2.889588 1.345067 -0.446747 81.972040
 71.499977 1.392651 1.963344 3.230273 2.288887 3.221839 1.352628 -1.257060 186.257251
 71.599977 1.485008 2.232183 3.109349 3.035677 2.939346 1.344909 -1.319771 189.467242
 71.699977 1.497063 2.579479 3.061345 3.009411 3.183952 1.363142 -1.526447 192.610787
 71.799977 1.446381 2.447606 3.164303 3.027923 3.134559 1.336909 -1.510087 193.622286
 71.899977 1.648486 1.396549 3.102291 2.092526 2.948755 1.364328 -0.668745 123.291252
 71.999977 1.486349 2.038336 3.081508 2.512623 3.188878 1.336101 -1.194966 185.966619
 72.099977 1.502871 1.733065 2.959673 2.330968 2.887008 1.324686 -0.941277 165.473927
 72.199977 1.568874 1.625501 3.233953 2.036852 3.175369 1.324199 -0.926418 165.052955
 72.299977 1.436524 2.506133 2.962637 3.012685 3.045525 1.331186 -1.488046 195.066005
 72.399977 1.438199 2.672300 2.986802 2.836157 3.276113 1.349839 -1.607726 195.585356
 72.499977 1.424816 2.564674 3.113176 2.974300 2.913024 1.343062 -1.579340 196.731602
 72.599977 1.399798 2.967977 3.215795 2.802778 3.168817 1.367094 -1.897588 192.841736
 72.699977 1.391195 3.816324 3.374168 3.262484 3.414050 1.351555 -2.514269 87.100701
 72.799977 1.409390 3.530901 3.304503 3.105915 3.280365 1.326435 -2.295014 153.551181
 72.899976 1.446723 3.153878 3.032763 2.532976 3.051443 1.321142 -1.936205 192.491182
 72.999976 1.467992 3.166248 3.194766 2.692921 3.190188 1.284284 -1.990338 190.621290
 73.099976 1.466457 3.198315 3.123888 2.879302 3.102251 1.318381 -1.979891 192.294910
 73.199976 1.393045 3.389870 3.216892 3.034409 3.173133 1.325102 -2.183309 174.702560
 73.299976 1.393616 3.776096 3.327088 3.246547 3.355052 1.315104 -2.475496 104.390962
 73.399976 1.393365 3.675325 3.383174 3.252120 3.338610 1.321551 -2.426534 123.018219
 73.499976 1.337643 3.700883 3.263116 3.049796 3.405336 1.346926 -2.440396 120.311475
 73.599976 1.413366 3.700372 3.396271 3.350882 3.255436 1.335002 -2.429095 125.883469
 73.699976 1.355764 3.718055 3.352768 3.211606 3.346083 1.326300 -2.469303 114.060577
 73.799976 1.350703 3.970869 3.305232 3.398636 3.407346 1.340087 -2.619967 61.481798
 73.899976 1.398188 3.294373 3.315465 2.971679 3.113260 1.328842 -2.148441 183.467386
 73.999976 1.438639 3.046996 3.261233 2.918806 2.929432 1.352167 -1.934695 197.167734
 74.099976 1.403627 3.250770 3.223846 2.849823 3.129519 1.312298 -2.090470 189.913423
 74.199976 1.412884 2.770891 3.091681 2.233638 3.071652 1.319192 -1.730681 199.986072
 74.299976 1.447294 3.112136 3.242020 2.586747 3.167458 1.326199 -1.978131 197.872331
 74.399976 1.416964 3.317615 3.205258 2.858253 3.082555 1.329339 -2.115653 189.964699
 74.499976 1.463950 3.087818 3.224397 2.742414 2.989328 1.336490 -1.938320 201.091980
 74.599976 1.444782 2.990369 3.042995 2.442849 3.120427 1.339655 -1.833115 203.325837
 74.699976 1.440121 2.994247 3.218959 2.875936 3.165640 1.336259 -1.893175 203.903698
 74.799976 1.413655 2.551950 3.038634 2.767378 2.995906 1.334468 -1.559286 200.246934
 74.899976 1.473038 2.248496 3.203176 2.838651 3.185340 1.278550 -1.386912 197.721375
 74.999976 1.441023 2.246511 3.072308 2.585717 2.994363 1.357260 -1.350261 197.452867
 75.099976 1.477378 2.201066 3.074438 2.529207 3.192381 1.348303 -1.303304 196.479967
 75.199976 1.536413 1.541710 3.067362 2.305798 2.847704 1.378144 -0.819957 152.374143
 75.299976 1.467636 2.153343 3.248721 2.556819 3.230135 1.323802 -1.339937 199.072322
 75.399976 1.479991 1.821460 3.009261 2.429467 2.955579 1.334844 -1.029413 178.975374
 75.499976 1.737421 1.407301 3.055542 2.059438 3.019788 1.408817 -0.596549 112.639506
 75.599976 1.703419 1.374827 2.827998 2.132568 2.833341 1.380370 -0.522834 99.794973
 75.699976 1.512071 1.876873 3.053572 2.236255 3.204185 1.374183 -1.060264 183.129695
 75.799976 1.671756 1.489448 3.134535 2.158483 3.043602 1.393134 -0.721625 141.071230
 75.899976 1.485124 1.844248 2.938475 2.114125 3.174088 1.330096 -1.026555 181.746645
 75.999975 1.476342 1.737637 3.167573 2.447891 2.981781 1.329482 -1.029954 183.176110
 76.099975 1.427084 2.598778 3.147640 2.998878 3.218951 1.321284 -1.621091 203.831906
 76.199975 1.506182 2.274584 2.891580 2.541853 3.135844 1.360335 -1.269298 199.339272
 76.299975 1.442038 2.386794 3.176587 2.936596 3.173296 1.317551 -1.481951 204.782344
 76.399975 1.519487 1.966594 2.996803 2.514819 3.058344 1.336926 -1.095321 190.359961
 76.499975 1.667389 1.407430 2.958897 2.046617 2.936649 1.383211 -0.613640 121.950140
 76.599975 1.575520 1.619193 3.081761 2.224243 3.038624 1.358502 -0.857649 166.475003
 76.699975 1.452880 1.982320 3.141670 2.423725 3.218206 1.332799 -1.202188 198.647183
 76.799975 1.673234 1.540517 2.962539 1.970994 3.024513 1.353831 -0.705567 143.191443
 76.899975 1.682977 1.391665 2.950466 2.064969 2.924195 1.359468 -0.593494 121.393095
 76.999975 1.573314 1.618528 2.929380 2.104564 3.040656 1.356804 -0.810316 163.479830
 77.099975 1.455345 2.501147 3.197033 3.176524 3.139859 1.363912 -1.544257 206.042659
 77.199975 1.521561 1.745582 3.113271 2.192984 3.137848 1.370814 -0.987057 185.261680
 77.299975 1.808481 1.367675 2.807151 1.952535 2.962945 1.397744 -0.443833 93.503002
 77.399975 1.829716 1.325680 3.114731 2.132506 2.979603 1.371841 -0.505571 106.980190
 77.499975 1.427882 2.064191 3.146182 2.579751 3.184214 1.345189 -1.269523 203.567858
 77.599975 1.490176 2.059222 3.005767 2.636373 3.040470 1.327820 -1.178117 200.419961
 77.699975 1.470722 1.726841 3.128119 2.280391 3.052728 1.332041 -1.016575 190.187291
 77.799975 1.594134 1.822259 3.009764 2.339765 3.138757 1.358899 -0.955711 185.412391
 77.899975 1.494345 2.102492 3.147738 2.570603 3.196187 1.355881 -1.249901 205.581265
 77.999975 1.431260 2.628795 3.138437 3.168851 3.055329 1.319850 -1.629922 207.142256
 78.099975 1.539343 1.944553 3.099042 2.505017 3.046439 1.321147 -1.103606 199.485931
 78.199975 1.518338 1.633033 3.087610 2.189810 3.023423 1.344193 -0.908750 182.134459
 78.299975 1.562312 2.233688 3.006890 2.786904 3.079701 1.352964 -1.240473 207.384970
 78.399975 1.451095 2.348397 3.112153 2.914285 3.127826 1.354803 -1.423084 210.463926
 78.499975 1.473282 2.557432 2.932442 2.905436 3.056730 1.355785 -1.485050 210.758660
 78.599975 1.479245 2.653109 3.172482 2.966804 3.210577 1.322659 -1.630363 209.432427
 78.699975 1.425595 3.028458 3.064021 2.977252 3.129042 1.304689 -1.877473 207.302918
 78.799975 1.431757 2.924822 3.188711 2.891149 3.007018 1.346371 -1.838154 209.103586
 78.899975 1.472450 2.947434 3.279460 2.643441 3.224500 1.338491 -1.864383 209.452825
 78.999975 1.442878 3.340004 3.083534 3.031268 3.082413 1.319682 -2.072896 198.077603
 79.099974 1.423204 3.029804 3.252293 2.982824 3.043762 1.328514 -1.936097 208.556754
 79.199974 1.413612 3.453337 3.154473 2.889664 3.217681 1.361874 -2.187629 186.809678
 79.299974 1.368746 3.566720 3.388485 3.256736 3.165953 1.324641 -2.369142 151.745498
 79.399974 1.361292 3.847433 3.256300 3.260370 3.336642 1.345168 -2.515183 104.089242
 79.499974 1.335848 3.992086 3.329800 3.340730 3.523402 1.336616 -2.655382 55.330777
 79.599974 1.413841 3.665487 3.195260 3.308557 3.062015 1.316411 -2.339287 163.389551
 79.699974 1.483946 2.701083 3.348300 2.299678 3.161016 1.335857 -1.720620 212.436070
 79.799974 1.412722 3.390287 3.232026 3.021122 3.190748 1.352792 -2.171709 192.524324
 79.899974 1.487590 2.630686 3.112061 2.433022 2.845351 1.366155 -1.581692 212.985158
 79.999974 1.427061 2.726958 3.227691 2.592345 3.206604 1.312224 -1.737084 214.117631
 80.099974 1.494263 2.490170 3.024444 2.662109 2.980851 1.332488 -1.461975 214.443244
 80.199974 1.423646 2.467318 3.201801 2.865774 3.223746 1.340001 -1.553517 215.288284
 80.299974 1.845470 1.320265 3.025220 2.182924 2.919078 1.381350 -0.458927 100.454068
 80.399974 1.446451 2.283784 3.048200 2.636282 3.272733 1.354082 -1.369005 214.842115
 80.499974 1.523361 2.129633 2.935168 2.515685 2.923119 1.328547 -1.177964 207.855679
 80.599974 1.487176 2.466180 3.199608 3.019831 3.108735 1.342730 -1.505519 217.104411
 80.699974 1.482165 2.251815 3.045187 2.733830 3.116831 1.349982 -1.319735 215.619626
 80.799974 1.497443 2.502183 3.089865 2.632930 3.143523 1.331654 -1.493080 218.593263
 80.899974 1.437310 3.263208 3.028895 3.078100 3.207053 1.329314 -2.008867 208.247193
 80.999974 1.434478 3.145182 3.106587 2.791951 2.991983 1.349705 -1.954227 212.378491
 81.099974 1.423498 3.439359 3.345976 3.057464 3.202881 1.330462 -2.237513 185.781114
 81.199974 1.378838 3.033388 3.172417 2.800100 3.091280 1.344832 -1.942021 214.214174
 81.299974 1.447346 3.095768 3.178219 3.150084 3.112699 1.322896 -1.939605 215.184787
 81.399974 1.434466 2.558552 3.300347 2.754327 3.233611 1.351710 -1.638132 218.898236
 81.499974 1.443841 3.268605 3.217048 3.120553 3.131134 1.355683 -2.063603 208.045253
 81.599974 1.431842 3.173658 3.073988 2.766981 3.139508 1.362198 -1.965368 215.847943
 81.699974 1.415910 3.268929 3.237045 3.033262 3.156008 1.352893 -2.090758 207.195352
 81.799974 1.401686 3.342706 3.205604 2.903506 3.214004 1.348974 -2.141506 202.632590
 81.899974 1.398047 3.326105 3.256862 3.065135 2.928065 1.333043 -2.144552 203.225693
 81.999974 1.432741 3.226997 3.300284 2.648473 3.310317 1.360260 -2.079184 211.021857
 82.099974 1.407656 3.582904 3.130979 3.212420 3.001115 1.356292 -2.261634 187.042324
 82.199973 1.510474 3.058380 3.327551 2.684627 3.064948 1.337205 -1.924202 221.121865
 82.299973 1.448855 3.397389 3.166661 2.986393 2.975146 1.320831 -2.131916 207.860171
 82.399973 1.323078 3.786019 3.360565 3.293352 3.370405 1.331674 -2.536818 103.182596
 82.499973 1.333132 3.952772 3.211323 3.275767 3.424491 1.315466 -2.594485 83.093023
 82.599973 1.411070 3.762436 3.403624 3.421485 3.221964 1.331633 -2.472788 131.910803
 82.699973 1.358265 3.911931 3.307417 3.115555 3.635703 1.332631 -2.586103 90.251344
 82.799973 1.414984 4.025930 3.184994 3.358563 3.365653 1.324196 -2.576220 96.447587
 82.899973 1.429334 3.270073 3.359392 2.836056 3.217567 1.329322 -2.129927 210.212190
 82.999973 1.460314 2.984117 3.096999 2.584705 2.885318 1.342005 -1.829594 223.214585
 83.099973 1.405203 2.600394 3.257405 2.270688 3.099824 1.314457 -1.679197 221.643005
 83.199973 1.399683 2.963401 3.091691 2.586552 2.949120 1.332684 -1.857123 224.773048
 83.299973 1.481666 2.690407 3.171226 2.263704 3.069377 1.343937 -1.654246 222.608676
 83.399973 1.486122 2.539830 3.309822 2.630872 3.062243 1.316931 -1.598033 222.831189
 83.499973 1.468430 2.101902 3.100839 2.574744 3.061708 1.362553 -1.247344 214.444247
 83.599973 1.844563 1.322938 2.924394 1.903423 2.926976 1.392666 -0.429672 98.016936
 83.699973 1.482157 1.864130 3.113828 2.473713 3.042370 1.300824 -1.096948 204.763833
 83.799973 1.639163 1.614903 2.949057 2.029597 3.119175 1.341169 -0.775794 165.944737
 83.899973 1.470552 2.141941 3.056783 2.659655 3.092549 1.338991 -1.261169 216.795093
 83.999973 1.468184 2.039969 3.082668 2.716659 2.885247 1.359062 -1.196199 213.956781
 84.099973 1.494246 1.894852 3.061434 2.410690 3.122763 1.355353 -1.085746 206.437821
 84.199973 1.878831 1.284172 3.069116 2.108964 2.950671 1.358741 -0.432623 100.989900
 84.299973 1.552264 1.938512 3.063785 2.448992 2.988184 1.300890 -1.082112 207.047647
 84.399973 1.479102 2.607675 3.019080 2.902089 3.185484 1.356687 -1.545179 224.170757
 84.499973 1.462969 1.787545 3.145805 2.209197 3.031826 1.348338 -1.065109 206.430304
 84.599973 1.570611 2.034858 3.055220 2.354568 3.147724 1.347749 -1.127411 212.725449
 84.699973 1.482742 3.100824 3.015385 3.065989 3.289981 1.355508 -1.865643 226.599463
 84.799973 1.462240 2.165531 2.946893 2.371915 2.986748 1.359359 -1.243840 220.553773
 84.899973 1.482907 2.436739 3.117503 2.864295 3.183088 1.329871 -1.467388 225.714437
 84.999973 1.495732 2.412371 3.069931 3.071066 3.057134 1.337150 -1.421259 226.328215
 85.099973 1.440910 2.703434 3.106294 3.049741 3.197713 1.329202 -1.664795 226.762444
 85.199973 1.702982 1.329475 3.029340 2.029654 2.935545 1.384173 -0.562093 127.927974
 85.299972 1.609611 1.497077 3.088385 2.076138 3.023655 1.345235 -0.760577 167.537113
 85.399972 1.778327 1.394505 2.978964 2.165188 2.954894 1.405879 -0.533934 124.423647
 85.499972 1.772965 1.402595 2.971334 2.175387 2.921601 1.359593 -0.546738 128.972030
 85.599972 1.574544 1.798329 3.099216 2.296359 3.171324 1.329678 -0.988052 201.368675
 85.699972 1.537736 1.918142 2.948856 2.470312 2.972172 1.365244 -1.029981 206.965984
 85.799972 1.552740 1.587212 3.291348 2.155022 3.105980 1.397812 -0.916476 194.243974
 85.899972 1.475873 2.575281 3.061320 2.933349 2.952794 1.338171 -1.537594 227.721044
 85.999972 1.479357 2.958170 2.955577 2.661991 3.254328 1.341781 -1.760533 228.512010
 86.099972 1.472205 2.774202 3.130445 2.729385 2.943671 1.354809 -1.692624 228.996539
 86.199972 1.484197 2.786945 3.089869 2.789798 3.067039 1.336542 -1.684542 229.730440
 86.299972 1.470514 2.409624 3.051953 2.558783 3.272456 1.311733 -1.444377 229.525219
 86.399972 1.672315 1.381114 2.950057 2.136688 2.863046 1.369464 -0.589844 140.307970
 86.499972 1.546780 1.698505 3.023487 2.082024 3.142420 1.362386 -0.912696 195.218297
 86.599972 1.518825 1.873100 3.041017 2.526387 3.009493 1.321361 -1.050220 211.835749
 86.699972 1.667977 1.517233 3.101105 1.936279 3.089249 1.376456 -0.737406 170.705017
 86.799972 1.447374 1.686948 3.126782 2.246816 2.965829 1.330041 -1.004259 208.575339
 86.899972 1.506543 1.793320 3.078058 2.163631 3.169282 1.339378 -1.022668 211.358468
 86.999972 1.828227 1.285535 3.075297 2.178861 2.900287 1.390612 -0.462163 115.285912
 87.099972 1.483179 2.234538 3.036170 2.697885 3.164263 1.324188 -1.310214 228.431466
 87.199972 1.498376 2.206056 3.128766 2.678408 3.077812 1.345558 -1.306900 229.116511
 87.299972 1.416384 2.243165 3.124784 2.880665 3.079961 1.350282 -1.381213 231.351265
 87.399972 1.427940 2.586276 3.156556 3.012542 3.197664 1.319099 -1.614993 231.669033
 87.499972 1.437350 2.301875 3.070331 2.412914 3.223192 1.325213 -1.400097 232.728224
 87.599972 1.498469 3.091968 2.959513 3.212272 2.974494 1.356714 -1.822689 231.319536
 87.699972 1.436745 2.540966 3.180128 2.486780 3.134515 1.328828 -1.590112 233.449155
 87.799972 1.367982 3.455146 3.113831 3.119600 3.215507 1.328542 -2.208305 202.588786
 87.899972 1.420532 2.684184 3.245710 2.533251 3.145625 1.325586 -1.716522 233.490275
 87.999972 1.426480 3.252096 3.199582 3.120683 2.888702 1.327006 -2.057930 221.069218
 88.099972 1.437208 3.725323 3.156767 3.120868 3.219200 1.319879 -2.355290 174.916992
 88.199972 1.339919 3.852349 3.479994 3.335914 3.663236 1.292734 -2.620166 82.609355
 88.299972 1.461145 3.605600 3.157896 3.023108 3.188371 1.316080 -2.262324 196.866973
 88.399971 1.470622 3.163962 3.006701 2.897454 3.119042 1.335977 -1.913555 231.608840
 88.499971 1.415682 2.356728 3.316857 2.748207 3.053454 1.316041 -1.525451 235.150256
 88.599971 1.472921 2.324230 3.119355 2.428543 3.152791 1.332796 -1.404488 234.951566
 88.699971 1.524013 1.946859 2.957456 2.361639 3.153956 1.304370 -1.075281 218.516497
 88.799971 1.723522 1.496249 3.079289 2.185467 3.031613 1.351502 -0.679736 163.280069
 88.899971 1.793218 1.278253 3.010625 2.066709 2.919006 1.393938 -0.460418 117.612320
 88.999971 1.571303 1.598444 3.064316 2.120614 3.068980 1.375205 -0.840258 191.277018
 89.099971 1.795346 1.364876 2.843876 2.019020 2.967840 1.388162 -0.463600 120.347535
 89.199971 1.597745 1.472985 3.053919 2.080335 2.964525 1.333859 -0.741810 177.963074
 89.299971 1.517483 1.690909 3.049629 2.270519 3.022563 1.337520 -0.934966 205.946002
 89.399971 1.490707 1.818595 3.032062 2.213239 3.123194 1.331071 -1.034420 217.553452
 89.499971 1.517740 1.669131 3.139821 2.253135 3.027329 1.337585 -0.950374 209.486276
 89.599971 1.494549 1.906022 3.150621 2.523574 3.104886 1.364082 -1.119139 225.787597
 89.699971 1.533891 2.232492 3.029594 2.617930 3.186768 1.359595 -1.268988 233.533718
 89.799971 1.460229 2.715740 3.170562 3.106049 3.160981 1.328313 -1.679927 235.875466
 89.899971 1.430317 2.834435 3.093302 2.919564 3.247099 1.297087 -1.760984 236.054230
 89.999971 1.484665 3.060293 3.055524 2.720791 3.010962 1.339927 -1.851333 235.454458
 90.099971 1.437427 3.465953 3.305707 3.046307 3.163681 1.326417 -2.232478 203.187519
 90.199971 1.405658 3.511900 3.316683 3.135067 3.127567 1.344584 -2.282632 195.315670
 90.299971 1.343490 3.751702 3.443885 3.290786 3.392394 1.360799 -2.524060 123.609003
 90.399971 1.320619 4.014916 3.221362 3.341514 3.456376 1.324291 -2.645376 77.697138
 90.499971 1.387324 3.875584 3.335519 3.352883 3.383283 1.309116 -2.548048 118.322836
 90.599971 1.424793 3.391157 3.371072 3.149159 3.034940 1.315845 -2.211028 209.600031
 90.699971 1.420878 3.096373 3.029191 2.509334 3.045246 1.339880 -1.911581 234.946301
 90.799971 1.425931 3.299415 3.108443 2.823339 3.111292 1.325319 -2.067650 226.181168
 90.899971 1.446681 3.130189 3.235828 2.747751 3.077660 1.319493 -1.985745 232.869527
 90.999971 1.408049 3.334690 3.295858 2.924163 3.113585 1.350992 -2.158991 218.417086
 91.099971 1.406625 2.950743 3.142073 2.655262 2.863708 1.350115 -1.855470 238.560883
 91.199971 1.421134 2.837481 3.219464 2.794917 3.185838 1.309420 -1.808582 239.615243
 91.299971 1.495571 2.162722 3.072325 2.828572 2.978812 1.351627 -1.257131 234.018859
 91.399971 1.518410 2.115001 3.150570 2.593511 3.226983 1.314637 -1.249998 234.497768
 91.499970 1.498902 1.881092 2.995439 2.316104 3.001658 1.314264 -1.056945 223.279217
 91.599970 1.587264 1.647339 2.961981 2.101009 3.081262 1.349000 -0.832805 195.656260
 91.699970 1.500475 1.825392 3.136186 2.327396 3.158117 1.343687 -1.064073 225.256107
 91.799970 1.697244 1.350648 3.037288 2.055118 2.931943 1.358572 -0.586046 150.839966
 91.899970 1.562597 1.692507 2.891701 2.105337 3.027548 1.354433 -0.853660 200.860068
 91.999970 1.577375 1.567598 3.168719 2.042337 3.079053 1.378100 -0.850872 201.414735
 92.099970 1.548060 1.900950 3.018793 2.571915 2.993568 1.306395 -1.043390 225.497789
 92.199970 1.571759 1.577972 3.096106 2.098471 3.068583 1.351811 -0.840863 201.364754
 92.299970 1.907498 1.337057 2.805511 2.041236 2.998253 1.433036 -0.351984 106.069208
 92.399970 1.883438 1.255787 2.953875 2.063876 2.939570 1.404825 -0.366186 109.659721
 92.499970 1.894631 1.292415 3.040235 1.972341 2.923043 1.354472 -0.419707 119.647396
 92.599970 1.457947 2.123845 3.173472 2.750039 3.134314 1.341017 -1.295468 238.204046
 92.699970 1.482307 2.054413 3.109147 2.683920 3.083956 1.324106 -1.215046 236.877131
 92.799970 1.589467 1.733072 3.008019 2.293372 3.000454 1.377104 -0.894465 210.649711
 92.899970 1.599869 1.666959 3.126919 2.141480 3.155478 1.341355 -0.893757 211.444865
 92.999970 1.454733 2.556956 3.041630 3.184379 3.043117 1.332475 -1.533119 240.079112
 93.099970 1.466602 2.156775 3.041702 2.598159 3.213438 1.348102 -1.270349 239.691772
 93.199970 1.478809 2.176877 3.210040 2.689777 3.134224 1.305680 -1.334671 241.358280
 93.299970 1.461026 2.550034 3.105956 2.668175 3.083053 1.341895 -1.550554 241.343748
 93.399970 1.425469 3.017525 3.306677 2.930127 3.274785 1.328938 -1.949747 237.351939
 93.499970 1.472756 2.874966 3.244595 2.795091 3.107175 1.369538 -1.796200 241.631926
 93.599970 1.389251 3.786454 3.353399 3.387343 3.228595 1.340470 -2.485621 144.526750
 93.699970 1.362509 3.979704 3.356363 3.359815 3.559819 1.331319 -2.639736 85.483215
 93.799970 1.382998 3.806830 3.269479 3.246964 3.304803 1.345468 -2.477954 150.630271
 93.899970 1.425148 3.272049 3.377963 3.058839 3.194497 1.332300 -2.136679 223.626736
 93.999970 1.415685 2.932053 3.012707 2.906937 2.953582 1.323886 -1.798026 242.518228
 94.099970 1.456581 3.021877 3.064208 2.949187 3.231057 1.315143 -1.853545 242.746428
 94.199970 1.417392 2.601213 3.018026 2.636367 3.112401 1.330776 -1.586841 242.980212
 94.299970 1.505772 1.910630 3.230779 2.581030 3.029896 1.348743 -1.141237 236.594830
 94.399970 1.430512 2.588437 3.133576 3.172215 3.159862 1.341576 -1.601095 243.720553
 94.499970 1.443705 2.443985 3.186645 3.037659 3.157617 1.327132 -1.518721 244.480845
 94.599969 1.487545 2.408593 3.095531 2.861277 3.061562 1.334534 -1.435401 245.123246
 94.699969 1.452382 2.599784 3.080933 2.628900 3.155160 1.325892 -1.585156 245.553594
 94.799969 1.493415 2.848532 3.190917 2.715488 3.209147 1.384440 -1.748276 245.794738
 94.899969 1.366196 3.364327 3.383739 3.141115 3.099950 1.364055 -2.230199 212.888332
 94.999969 1.445555 3.321293 2.979306 2.666105 3.070747 1.335523 -2.025950 236.398526
 95.099969 1.455559 2.955960 3.206318 2.473590 3.082473 1.334586 -1.856649 245.695595
 95.199969 1.428087 3.239178 3.401784 3.051807 2.999100 1.333949 -2.116702 228.922225
 95.299969 1.363341 3.595294 3.341282 3.221460 3.194077 1.290114 -2.382377 183.261159
 95.399969 1.313199 3.991405 3.355560 3.380572 3.542846 1.348901 -2.676396 75.432497
 95.499969 1.378634 3.675653 3.310811 3.200511 3.262308 1.313679 -2.412952 176.703013
 95.599969 1.400250 3.407386 3.175773 2.976341 3.115675 1.321894 -2.176486 223.921276
 95.699969 1.426143 2.989703 3.074528 2.690047 2.868534 1.312932 -1.851528 247.065641
 95.799969 1.406701 3.226981 3.250908 2.821384 3.256521 1.322807 -2.083039 234.932426
 95.899969 1.438543 3.031061 3.188871 2.566292 3.045594 1.298541 -1.915306 246.550216
 95.999969 1.319854 3.949096 3.357134 3.581781 3.269117 1.317932 -2.641660 92.252568
 96.099969 1.303874 4.046726 3.259033 3.383217 3.479618 1.324196 -2.689712 75.933440
 96.199969 1.397027 3.850485 3.213049 3.378939 3.214915 1.305154 -2.481799 158.929492
 96.299969 1.476767 2.623995 3.261908 2.233140 3.069541 1.330408 -1.646126 247.914794
 96.399969 1.351469 3.892758 3.342438 3.447785 3.301133 1.319295 -2.580917 122.726120
 96.499969 1.350853 4.059425 3.335210 3.399410 3.540158 1.317458 -2.694127 79.303320
 96.599969 1.410529 3.426139 3.147674 2.904478 3.089726 1.315950 -2.173955 227.165718
 96.699969 1.478134 2.475079 3.341556 2.381920 2.874661 1.336824 -1.566921 248.061603
 96.799969 1.458209 3.229421 3.025216 2.638583 3.087942 1.371983 -1.967316 245.700092
 96.899969 1.500643 3.131888 3.158774 2.471188 3.305108 1.307004 -1.935696 247.878224
 96.999969 1.415691 3.181513 3.166862 2.963511 3.027261 1.319181 -2.013894 244.097419
 97.099969 1.468023 2.296860 3.237509 2.683934 2.922686 1.324443 -1.422196 247.463718
 97.199969 1.458677 2.185857 3.083070 2.764437 3.133943 1.368519 -1.301530 245.263762
 97.299969 1.460102 2.720032 2.968616 3.017590 3.049512 1.349347 -1.611918 250.023026
 97.399969 1.484758 3.069749 3.146477 2.964923 3.106353 1.386633 -1.879293 251.157880
 97.499969 1.411423 3.326389 3.200977 2.935928 3.131729 1.346054 -2.121221 235.500010
 97.599969 1.358710 3.966211 3.389397 3.482492 3.384257 1.364601 -2.633969 105.640024
 97.699968 1.422505 3.548873 3.437274 3.190235 3.227187 1.342937 -2.337048 204.368183
 97.799968 1.372325 3.562324 3.287119 3.054408 3.240711 1.348163 -2.330747 206.599740
 97.899968 1.435545 3.589210 3.350570 3.250036 3.152440 1.313904 -2.328782 207.916001
 97.999968 1.394782 3.201050 3.227984 2.953662 2.871923 1.346325 -2.053164 243.928028
 98.099968 1.435892 3.479166 3.188434 2.872938 3.223043 1.321534 -2.207615 228.703741
 98.199968 1.424661 2.831877 3.165890 2.302653 3.089926 1.352302 -1.781670 253.063471
 98.299968 1.398638 3.548441 3.288399 3.183355 3.117811 1.336148 -2.302555 214.832784
 98.399968 1.456963 2.397543 3.271573 2.118060 3.020164 1.339150 -1.512690 250.469170
 98.499968 1.423172 2.897814 3.026378 2.552226 3.017250 1.321318 -1.780742 253.976010
 98.599968 1.436814 3.264996 3.029706 2.762192 3.195969 1.322466 -2.014951 248.859449
 98.699968 1.432478 3.060137 3.274509 2.919774 3.048423 1.342285 -1.955782 252.715388
 98.799968 1.391637 3.200600 3.190926 3.021987 3.123420 1.366421 -2.044167 248.000403
 98.899968 1.499182 2.298532 2.980442 2.076342 3.022310 1.342487 -1.324321 247.368714
 98.999968 1.450458 3.192646 3.281474 3.071989 3.198194 1.312982 -2.039178 249.042197
 99.099968 1.441046 3.249136 3.059836 2.993663 2.932795 1.327121 -2.002828 252.177232
 99.199968 1.373211 3.365472 3.448321 3.187681 3.261844 1.296356 -2.261013 224.293920
 99.299968 1.439567 3.411635 3.122775 2.976648 3.021088 1.320321 -2.134158 242.114617
 99.399968 1.437065 3.164649 3.295496 2.578040 3.302859 1.339930 -2.037665 251.472277
 99.499968 1.398171 3.071257 3.150407 2.753479 3.048269 1.324764 -1.949624 256.668873
 99.599968 1.496155 2.317950 3.234237 2.291909 3.144668 1.370879 -1.418045 250.556688
 99.699968 1.497714 2.197745 3.040886 2.621512 3.026909 1.308170 -1.278488 246.855581
 99.799968 1.650292 1.765054 3.031429 2.366128 3.081993 1.345325 -0.888820 212.459211
 99.899968 1.827372 1.296865 3.072789 2.234431 2.822714 1.346002 -0.474102 132.621155
 99.999968 1.537080 1.992875 2.958513 2.247321 3.208126 1.313412 -1.098153 237.236337
